Mixture	Cancer.cells	B.cells	Macrophages.M1	Macrophages.M2	Monocytes	Neutrophils	NK.cells	T.cells.CD4	T.cells.CD8	Tregs	Dendritic.cells	P-value	Correlation	RMSE
IMMU-BC2-0118-FIXT-01	0.17730044596533784	0.00000000000000000	0.09998977074712082	0.00000000000000000	0.00000000000000000	0.00000000000000000	0.00000000000000000	0.67192695682978321	0.05078282645775812	0.00000000000000000	0.00000000000000000	0.00000000000000000	0.05820323799737393	1.04098510746991746
IMMU-BC2-0118-FIXT-02	0.00000000000000000	0.00000000000000000	0.22137083533244334	0.00000000000000000	0.00000000000000000	0.00000000000000000	0.00000000000000000	0.51340960268746139	0.02879986891754474	0.00000000000000000	0.23641969306255056	0.00000000000000000	0.01939090283745121	1.07369996213904950
IMMU-BC2-0132-FIXT-01	0.39625457482880205	0.00267413890091418	0.24344136408341732	0.00000000000000000	0.00000000000000000	0.00000000000000000	0.00000000000000000	0.00000000000000000	0.13876781362421123	0.03869493577069818	0.18016717279195724	0.00000000000000000	0.05349237346990465	1.09646283388162002
IMMU-BC2-0140-FIXT-01	0.14285817890751451	0.03715511198195906	0.00000000000000000	0.05173097656867163	0.00000000000000000	0.00000000000000000	0.00000000000000000	0.28860184729744109	0.25157057883349399	0.16423455326894423	0.06384875314197534	0.00000000000000000	-0.00778684499079779	1.07060972172489177
IMMU-BC2-0140-FIXT-03	0.40984188483583828	0.00000000000000000	0.24010295639185256	0.00000000000000000	0.00000000000000000	0.00000000000000000	0.00000000000000000	0.14396326852766311	0.04932426888224975	0.02058303901772476	0.13618458234467146	0.00000000000000000	0.05658107388428405	1.09160261327233932
IMMU-BC2-0145-FIXT-01	0.20903799230493317	0.00000000000000000	0.06844376717306053	0.00000000000000000	0.00000000000000000	0.00000000000000000	0.00000000000000000	0.60835237018861921	0.00000000000000000	0.00000000000000000	0.11416587033338708	0.00000000000000000	0.06648987453641469	1.03335409116479870
IMMU-BC2-0151-FIXT-01	0.21855306467725230	0.00000000000000000	0.15122344162239004	0.04480614160468882	0.00000000000000000	0.00000000000000000	0.00000000000000000	0.00000000000000000	0.00000000000000000	0.38771337238310177	0.19770397971256715	0.00000000000000000	-0.02225388491203037	1.08974704853887983
IMMU-BC2-0159-FIXT-02	0.26569805890647596	0.06100495327366302	0.11078093428468544	0.00000000000000000	0.00000000000000000	0.00000000000000000	0.00000000000000000	0.31408108300104109	0.10384601990303659	0.00000000000000000	0.14458895063109792	0.00000000000000000	0.02048343538325743	1.05262106717047632
IMMU-BC2-0163-FIXT-01	0.60271108186554823	0.00000000000000000	0.02439854302584865	0.00000000000000000	0.00000000000000000	0.00000000000000000	0.00000000000000000	0.00000000000000000	0.28471654451513417	0.00000000000000000	0.08817383059346889	0.00000000000000000	0.04392128949684562	1.14694492303320184
IMMU-BC2-0166-FIXT-01	0.48698287969864473	0.00000000000000000	0.00000000000000000	0.00000000000000000	0.00000000000000000	0.00000000000000000	0.00000000000000000	0.24006229815903124	0.01524055004490803	0.00000000000000000	0.25771427209741610	0.00000000000000000	0.11958575372722298	1.05631491534855515
IMMU-BC2-0167-FIXT-01	0.65103340865585146	0.00000000000000000	0.00000000000000000	0.00000000000000000	0.00000000000000000	0.00000000000000000	0.00000000000000000	0.00000000000000000	0.00578409223572676	0.00000000000000000	0.34318249910842180	0.00000000000000000	0.04765430965398198	1.15645633476222609
IMMU-BC2-0172-FIXT-01	0.58025952919135981	0.00000000000000000	0.06591876566671108	0.01474959861181117	0.00000000000000000	0.00000000000000000	0.00000000000000000	0.01352856006573244	0.09062492520724259	0.01273159880852746	0.22218702244861538	0.00000000000000000	0.02444174659954276	1.13491302571503305
IMMU-BC2-0197-FIXT-02	0.19014418387457196	0.08913285379236345	0.12432009732021779	0.03472581930881249	0.00000000000000000	0.01752705574713809	0.01704879387488246	0.00000000000000000	0.00000000000000000	0.52710119608201367	0.00000000000000000	0.00000000000000000	0.11808454922070200	1.04112217880366908
IMMU-BC2-0202-FIXT-01	0.46192732636406203	0.00000000000000000	0.16868123338352803	0.00000000000000000	0.00000000000000000	0.00000000000000000	0.00000000000000000	0.09143515683755080	0.09278752707425349	0.00000000000000000	0.18516875634060573	0.00000000000000000	0.04992248833884863	1.09403231168910464
IMMU-BC2-0210-FIXT-01	0.22221102066581114	0.06966222111639153	0.10247464804353908	0.00000000000000000	0.00000000000000000	0.00000000000000000	0.00000000000000000	0.00000000000000000	0.19037258813731689	0.08315193886681811	0.33212758317012331	0.00000000000000000	0.00031629499277937	1.06744322458602459
IMMU-BC2-0211-FIXT-01	0.30932036466342872	0.00000000000000000	0.11429452935170900	0.00000000000000000	0.00000000000000000	0.00000000000000000	0.00000000000000000	0.35186623154440722	0.19008964460355596	0.00000000000000000	0.03442922983689914	0.00000000000000000	0.03618537130801276	1.06181863341928029
IMMU-BC2-0215-FIXT-01	0.00000000000000000	0.01045175517580499	0.06112261179801792	0.00000000000000000	0.00000000000000000	0.00000000000000000	0.00000000000000000	0.27752169707944468	0.18621074115104783	0.09545856519391206	0.36923462960177261	0.00000000000000000	-0.02641510278759437	1.07587602532802995
IMMU-BC2-0217-FIXT-02	0.00000000000000000	0.00755600570388134	0.27214205381089457	0.00447653807129830	0.00000000000000000	0.00000000000000000	0.00000000000000000	0.14088006755862667	0.16601403449404736	0.26686345927009469	0.14206784109115700	0.00000000000000000	0.02195760357986264	1.09471110620924272
IMMU-BC2-0218-FIXT-01	0.33602778625403679	0.00000000000000000	0.08198305306917529	0.00000000000000000	0.00000000000000000	0.00000000000000000	0.00000000000000000	0.56267423903497726	0.00000000000000000	0.00000000000000000	0.01931492164181055	0.00000000000000000	0.07384404743982312	1.04709682976412211
IMMU-BC2-0218-FIXT-02	0.11822496395723005	0.02535198023263809	0.18725084893817320	0.00000000000000000	0.00000000000000000	0.00000000000000000	0.00000000000000000	0.11548623035132845	0.24496194887769634	0.03666474785173371	0.27205927979120015	0.00000000000000000	-0.00014454729129994	1.07868805751100183
IMMU-BC2-0223-FIXT-01	0.26260145819690361	0.00000000000000000	0.20399683591124057	0.00000000000000000	0.00000000000000000	0.00000000000000000	0.00000000000000000	0.28367041430945200	0.13713478409681618	0.00051609390821297	0.11208041357737472	0.00000000000000000	0.03287132407264175	1.06503764535580858
IMMU-BC2-0223-FIXT-02	0.36246299427418854	0.00000000000000000	0.10199079929073973	0.00000000000000000	0.00000000000000000	0.00000000000000000	0.00000000000000000	0.17483818686389535	0.17807874619484992	0.00000000000000000	0.18262927337632634	0.00000000000000000	0.03418041464075412	1.06872048569261802
IMMU-BC2-0225-FIXT-01	0.23481837032564401	0.00000000000000000	0.26539805948068224	0.00000000000000000	0.00000000000000000	0.00000000000000000	0.00000000000000000	0.09015711631456642	0.16406911884067141	0.04070825680112985	0.20484907823730614	0.00000000000000000	-0.00123005780431079	1.10024381411789096
IMMU-BC2-0228-FIXT-01	0.09135333321396177	0.00000000000000000	0.11065541992168425	0.00000000000000000	0.00000000000000000	0.00000000000000000	0.00000000000000000	0.01740372921514046	0.27026263854883426	0.29297839017502886	0.21734648892535041	0.00000000000000000	-0.04419967361493196	1.09193575164041246
IMMU-BC2-0229-FIXT-01	0.43433991525815474	0.00086833956678114	0.04730794012812731	0.00452803891251514	0.00000000000000000	0.00000000000000000	0.00000000000000000	0.23728104005577363	0.24190443279702539	0.00000000000000000	0.03377029328162257	0.00000000000000000	0.07085918166159907	1.07542888607324993
IMMU-BC2-0232-FIXT-01	0.22899482852204275	0.01299543203053670	0.20773462130522710	0.00000000000000000	0.00000000000000000	0.00000000000000000	0.00000000000000000	0.13547941452185985	0.10357997534861665	0.10964993674880910	0.20156579152290782	0.00000000000000000	0.00784081380711012	1.07362438558432149
IMMU-BC2-0245-FIXT-01	0.35430814398863436	0.00000000000000000	0.08136241382564206	0.00000000000000000	0.00000000000000000	0.00000000000000000	0.00000000000000000	0.13709082205993250	0.10278572520430519	0.00000000000000000	0.32445289492148588	0.00000000000000000	0.03439522774480740	1.06740491775000823
IMMU-BC2-0252-FIXT-01	0.20149838502428144	0.00000000000000000	0.00000000000000000	0.00000000000000000	0.00000000000000000	0.00000000000000000	0.00000000000000000	0.21486321441494155	0.06800821182281920	0.00000000000000000	0.51563018873795774	0.00000000000000000	-0.03176170930742324	1.08085896895316247
IMMU-BC2-0254-FIXT-01	0.62682354847811161	0.00000000000000000	0.00241248561667136	0.00000000000000000	0.00000000000000000	0.00000000000000000	0.00000000000000000	0.30135004430669554	0.04411952024927906	0.00000000000000000	0.02529440134924237	0.00000000000000000	0.07075568170199986	1.12871125808163297
IMMU-BC2-0260-FIXT-01	0.13341659820389443	0.02355992356671620	0.01521261648626714	0.00000000000000000	0.00000000000000000	0.00000000000000000	0.00000000000000000	0.46138459390208275	0.19127332615535381	0.05391151571510230	0.12124142597058341	0.00000000000000000	0.08741811749133617	1.03070842234612292
IMMU-BC2-0261-FIXT-01	0.19785431836361078	0.00000000000000000	0.27115835660944576	0.00000000000000000	0.00000000000000000	0.00000000000000000	0.00000000000000000	0.00000000000000000	0.23754494104503374	0.17963707864505135	0.11380530533685836	0.00000000000000000	-0.00871170238355009	1.10696209509060717
IMMU-BC2-0265-FIXT-01	0.14498838981578840	0.00000000000000000	0.04254461168394336	0.13650907549938757	0.00000000000000000	0.00000000000000000	0.00000000000000000	0.30203474844654127	0.26054505070050465	0.00000000000000000	0.11337812385383475	0.00000000000000000	0.04007115450064120	1.04920135763059830
IMMU-BC2-0277-FIXT-01	0.42118095223892427	0.00000000000000000	0.00000000000000000	0.00000000000000000	0.00000000000000000	0.00000000000000000	0.00000000000000000	0.00000000000000000	0.12421166658392326	0.30325921987931947	0.15134816129783296	0.00000000000000000	0.03006878960570044	1.09028701969960706
IMMU-BC2-0279-FIXT-01	0.45980561834154732	0.00000000000000000	0.05481818283267104	0.00000000000000000	0.00000000000000000	0.00000000000000000	0.00000000000000000	0.38921342834379985	0.00000000000000000	0.00000000000000000	0.09616277048198188	0.00000000000000000	0.03241860016916995	1.08641416404932301
IMMU-BC2-0282-FIXT-01	0.44938878859742509	0.00000000000000000	0.00000000000000000	0.00000000000000000	0.00000000000000000	0.00000000000000000	0.00000000000000000	0.00000000000000000	0.22421533906038538	0.18287858317148986	0.14351728917069967	0.00000000000000000	0.03593471220845619	1.09563410085742152
IMMU-BC2-0283-FIXT-01	0.37131777788879472	0.00000000000000000	0.25052448076204054	0.00000000000000000	0.00000000000000000	0.00000000000000000	0.00000000000000000	0.00000000000000000	0.15449091935349468	0.15296230040947370	0.07070452158619640	0.00000000000000000	-0.00294141256386201	1.11653818040410391
IMMU-BC2-0283-FIXT-02	0.06464747286767707	0.00000000000000000	0.54239611096133977	0.00000000000000000	0.00000000000000000	0.00000000000000000	0.00000000000000000	0.00000000000000000	0.25346640024611650	0.07753474426252425	0.06195527166234236	0.00000000000000000	0.02014170518235267	1.22951991937013538
IMMU-BC2-0285-FIXT-01	0.48895138010780387	0.00000000000000000	0.16870306004175795	0.00000000000000000	0.00000000000000000	0.00000000000000000	0.00000000000000000	0.31729691392871401	0.01081531779275346	0.00000000000000000	0.01423332812897061	0.00000000000000000	0.06068930132105784	1.09346186348654872
IMMU-BC2-0288-FIXT-01	0.35935667344512945	0.00000000000000000	0.00000000000000000	0.00000000000000000	0.00000000000000000	0.00000000000000000	0.00000000000000000	0.19901123057642628	0.33259692723947093	0.00000000000000000	0.10903516873897319	0.00000000000000000	0.05480800286981771	1.07791877836153871
IMMU-BC2-0290-FIXT-01	0.32586579279980243	0.01377630663473828	0.03067905151485120	0.00000000000000000	0.00000000000000000	0.00000000000000000	0.00000000000000000	0.42132610298799944	0.08134148000004771	0.00000000000000000	0.12701126606256086	0.00000000000000000	0.06827064621330819	1.04262325971033043
IMMU-BC2-0298-FIXT-01	0.25138963518364765	0.01633236175412562	0.11303337490236963	0.00000000000000000	0.08402451677361551	0.14512111130355604	0.13178053551287092	0.00000000000000000	0.07120588009441904	0.18711258447539564	0.00000000000000000	0.00000000000000000	0.00823646423317003	1.07409228272392232
IMMU-BC2-0309-FIXT-01	0.25862313588853236	0.00158222750975760	0.16868187830422279	0.00000000000000000	0.00000000000000000	0.00000000000000000	0.00000000000000000	0.41481460444263002	0.00000000000000000	0.00000000000000000	0.15629815385485721	0.00000000000000000	-0.01977832583948078	1.07457918915677952
IMMU-BC2-0312-FIXT-01	0.36878640306291727	0.00000000000000000	0.00000000000000000	0.00000000000000000	0.00000000000000000	0.00000000000000000	0.00000000000000000	0.08885627671889357	0.01701328947979980	0.00513410368112873	0.52020992705726066	0.00000000000000000	0.01831019849682687	1.09089376008281724
IMMU-BC2-0316-FIXT-01	0.67139545171259241	0.03405667357091404	0.05774476601297440	0.00000000000000000	0.00000000000000000	0.00000000000000000	0.00000000000000000	0.00000000000000000	0.06218298118357125	0.00000000000000000	0.17462012751994793	0.00000000000000000	0.06423659994599769	1.14922993255963402
IMMU-BC2-0333-FIXT-01	0.29345449493963915	0.00000000000000000	0.11155784020205647	0.00713134019894850	0.00000000000000000	0.00000000000000000	0.00000000000000000	0.33848450765205479	0.22298740730789363	0.00000000000000000	0.02638440969940736	0.00000000000000000	0.04071594047814231	1.06070604788849976
IMMU-BC2-0339-FIXT-01	0.30970238555251461	0.00000000000000000	0.00000000000000000	0.00000000000000000	0.00000000000000000	0.00000000000000000	0.00000000000000000	0.06066190890116871	0.30446873754341724	0.17845078626270541	0.14671618174019413	0.00000000000000000	0.01757381723323288	1.08260599960428028
IMMU-BC2-0355-FIXT-01	0.33161917817798042	0.00000362520132336	0.14966587164394199	0.00000000000000000	0.00000000000000000	0.00000000000000000	0.00000000000000000	0.00000000000000000	0.24952922998814847	0.11713654964159420	0.15204554534701159	0.00000000000000000	0.02602248450914282	1.08016721113829228
IMMU-BC2-0362-FIXT-01	0.48856046204849474	0.00000000000000000	0.03511153093160770	0.00000000000000000	0.00000000000000000	0.00000000000000000	0.00000000000000000	0.02030074465230112	0.15070012630568916	0.00000000000000000	0.30532713606190731	0.00000000000000000	0.10080387467168084	1.07144439168301120
IMMU-BC2-0371-FIXT-01	0.61653517872936103	0.00000000000000000	0.03478512876786528	0.00000000000000000	0.00000000000000000	0.00000000000000000	0.00000000000000000	0.03264306154446666	0.23753562172385467	0.00000000000000000	0.07850100923445226	0.00000000000000000	0.05014869248000229	1.14341989749309381
IMMU-BC2-0372-FIXT-01	0.36733903246142779	0.00000000000000000	0.07432158221304425	0.00000000000000000	0.00000000000000000	0.00000000000000000	0.00000000000000000	0.24703673174593743	0.08967173312112678	0.00000000000000000	0.22163092045846378	0.00000000000000000	-0.00405327484438271	1.07800363804538879
IMMU-BC2-0374-FIXT-01	0.54242004009662415	0.00000000000000000	0.05859289250187465	0.00000000000000000	0.00000000000000000	0.00000000000000000	0.00000000000000000	0.15941123438569019	0.13372336160469842	0.00000000000000000	0.10585247141111241	0.00000000000000000	0.06377117900485452	1.10013531994150204
IMMU-BC2-0374-FIXT-02	0.04738428227090635	0.00000000000000000	0.23977466723310820	0.00000000000000000	0.00000000000000000	0.00000000000000000	0.00000000000000000	0.22249932711313714	0.25309798675321021	0.06045369747218328	0.17679003915745478	0.00000000000000000	0.00563796729048492	1.08974237851599098
IMMU-BC2-0377-FIXT-01	0.24516750096520915	0.00000000000000000	0.00000000000000000	0.01736949748922081	0.00000000000000000	0.00000000000000000	0.00000000000000000	0.73746300154557010	0.00000000000000000	0.00000000000000000	0.00000000000000000	0.00000000000000000	0.09052322021280171	1.03808922714931184
IMMU-BC2-0380-FIXT-01	0.33983240624712857	0.00000000000000000	0.12792155810194825	0.00000000000000000	0.00000000000000000	0.00000000000000000	0.00000000000000000	0.12904069049644265	0.16322662589409417	0.00000000000000000	0.23997871926038639	0.00000000000000000	-0.00741997755084881	1.08463677074516873
IMMU-BC2-0387-FIXT-01	0.30362643183186472	0.01281605878892129	0.06841141304663460	0.00000000000000000	0.00000000000000000	0.00000000000000000	0.00000000000000000	0.00000000000000000	0.25321354352546271	0.01808514386949974	0.34384740893761701	0.00000000000000000	0.07217573603905952	1.05479567610873426
IMMU-BC2-0391-FIXT-01	0.45441431290487416	0.00000000000000000	0.00000000000000000	0.00000000000000000	0.00000000000000000	0.00000000000000000	0.00000000000000000	0.00000000000000000	0.29969866180719096	0.08934723460514118	0.15653979068279361	0.00000000000000000	0.01720548830639555	1.11179441788921451
IMMU-BC2-0392-FIXT-01	0.32082440629867032	0.13679165267226701	0.02154343705365989	0.02851200561306468	0.00000000000000000	0.00000000000000000	0.00000000000000000	0.09799695539110262	0.11536350676624678	0.03083118643323711	0.24813684977175163	0.00000000000000000	-0.00603101415770958	1.07465453823942014
IMMU-BC2-0402-FIXT-01	0.36519242208899289	0.00000000000000000	0.00485148927994263	0.00000000000000000	0.00000000000000000	0.00000000000000000	0.00000000000000000	0.00986997611531485	0.44261679934668036	0.06206104020786964	0.11540827296119965	0.00000000000000000	0.04260025277886938	1.10494711256113209
IMMU-BC2-0403-FIXT-01	0.49549231572631636	0.00163453155436697	0.00947351974678103	0.00000000000000000	0.00000000000000000	0.00000000000000000	0.00000000000000000	0.00800000202150844	0.22147048165089855	0.00065081949530469	0.26327832980482396	0.00000000000000000	0.05177329506417903	1.09931634425282998
IMMU-BC2-0404-FIXT-01	0.17246744836233771	0.00195142078508119	0.00000000000000000	0.00000000000000000	0.00000000000000000	0.00782918571282090	0.00000000000000000	0.53950342033221410	0.06671827275000568	0.00344109864383646	0.20808915341370396	0.00000000000000000	0.04286132217453714	1.03832681045901043
IMMU-BC2-0405-FIXT-01	0.68885621153296883	0.00000000000000000	0.00000000000000000	0.00000000000000000	0.00000000000000000	0.00000000000000000	0.00000000000000000	0.00000000000000000	0.17534262391751168	0.00000000000000000	0.13580116454951940	0.00000000000000000	0.06074413112231929	1.16345564834521942
IMMU-BC2-0409-FIXT-01	0.15263131267659269	0.00725586765114132	0.10900979251730171	0.00000000000000000	0.00000000000000000	0.00000000000000000	0.00000000000000000	0.00000000000000000	0.26013938339252030	0.38264194730700618	0.08832169645543789	0.00000000000000000	0.00152041385769960	1.08209998330242319
IMMU-BC2-0414-FIXT-01	0.10422471451142211	0.05475780279930684	0.26813260769516611	0.00000000000000000	0.00000000000000000	0.00000000000000000	0.00000000000000000	0.00000000000000000	0.20651336516984201	0.16498238888149977	0.20138912094276312	0.00000000000000000	0.02128535363956883	1.08809209740179957
IMMU-BC2-0430-FIXT-01	0.29910872388527238	0.00000000000000000	0.07814728697676790	0.00000000000000000	0.00000000000000000	0.00000000000000000	0.00000000000000000	0.31452640736590243	0.12024342929834385	0.00000000000000000	0.18797415247371352	0.00000000000000000	0.01441839611994999	1.05867906299628856
IMMU-BC2-0538-FIXT-01	0.12461378015050259	0.05271064272140845	0.06612149933349697	0.00000000000000000	0.00000000000000000	0.00000000000000000	0.00000000000000000	0.00000000000000000	0.15855367481533583	0.08846009445420663	0.50954030852504950	0.00000000000000000	-0.02708058000057367	1.08296606987379773
IMMU-BC2-0546-FIXT-02	0.38147500577534166	0.00000000000000000	0.00122807582996030	0.00000000000000000	0.00000000000000000	0.00000000000000000	0.00000000000000000	0.31690318991355837	0.04936566059458027	0.00000000000000000	0.25102806788655935	0.00000000000000000	0.06680695081825573	1.05343289427361464
IMMU-BC2-0744-FIXT-01	0.32644717734161172	0.00000000000000000	0.13243755487726649	0.00000000000000000	0.00000000000000000	0.00000000000000000	0.00000000000000000	0.49139444380645358	0.04972082397466808	0.00000000000000000	0.00000000000000000	0.00000000000000000	0.01841421592948061	1.06868925156868610
IMMU-BC2-0748-FIXT-01	0.17728890203384023	0.00000000000000000	0.00000000000000000	0.00000000000000000	0.00000000000000000	0.00000000000000000	0.00000000000000000	0.48582048598475508	0.23574764889256047	0.00000000000000000	0.10114296308884432	0.00000000000000000	0.05453862620380998	1.04864384994076620
IMMU-BC2-0752-FIXT-01	0.23272206120879987	0.00000000000000000	0.12111588886980573	0.00000000000000000	0.00000000000000000	0.00000000000000000	0.00000000000000000	0.00000000000000000	0.28825103496774834	0.04336700599078462	0.31454400896286150	0.00000000000000000	0.00706459123228054	1.07973060446307323
IMMU-BC2-0753-FIXT-01	0.32322975952315969	0.00000000000000000	0.08427780311926956	0.00596634488348710	0.00000000000000000	0.00000000000000000	0.00000000000000000	0.29067801043822639	0.08665894509402801	0.00000000000000000	0.20918913694182936	0.00000000000000000	0.04840727380686985	1.05014322672999372
IMMU-BC2-0755-FIXT-01	0.36473211790805676	0.00000000000000000	0.04062664974700771	0.00000000000000000	0.00000000000000000	0.00000000000000000	0.00000000000000000	0.00000000000000000	0.15822443521861004	0.03132336294187248	0.40509343418445298	0.00000000000000000	0.00930646740933531	1.08665917574105553
IMMU-BC2-0756-FIXT-01	0.42580733403895910	0.05678299279562950	0.19345350065771524	0.00000000000000000	0.00000000000000000	0.00000000000000000	0.00000000000000000	0.04134882802534844	0.07299655955724405	0.00000000000000000	0.20961078492510368	0.00000000000000000	0.01220410361947559	1.10675764647573427
IMMU-BC2-0764-FIXT-01	0.79609581506959148	0.00000000000000000	0.14302557156842094	0.00000000000000000	0.00000000000000000	0.00000000000000000	0.00000000000000000	0.00000000000000000	0.00000000000000000	0.00000000000000000	0.06087861336198758	0.00000000000000000	0.06379152932243547	1.21839917558811828
IMMU-BC2-0775-FIXT-01	0.44645664775385968	0.00000000000000000	0.04686996260202264	0.00805456489548063	0.00000000000000000	0.00398110973595839	0.00000000000000000	0.00000000000000000	0.26930818042278454	0.10703176293346614	0.11829777165642806	0.00000000000000000	0.05436133663333541	1.08756173703273840
IMMU-BC2-0776-FIXT-01	0.49995490046170715	0.00000000000000000	0.09163831493352111	0.00000000000000000	0.00000000000000000	0.00000000000000000	0.00000000000000000	0.00000000000000000	0.11858946231373368	0.22128462025512882	0.06853270203590923	0.00000000000000000	0.08936690819345176	1.08182795416137334
IMMU-BC2-0776-FIXT-02	0.00000000000000000	0.00000000000000000	0.55348041943994386	0.00000000000000000	0.06086725531995579	0.00000000000000000	0.00000000000000000	0.27850130821753177	0.10715101702256874	0.00000000000000000	0.00000000000000000	0.00000000000000000	0.05891263290343749	1.20739407303848734
IMMU-BC2-0777-FIXT-01	0.29265882659284997	0.00000000000000000	0.08895758875110110	0.00000000000000000	0.00000000000000000	0.00277359210367127	0.00000000000000000	0.27956540769509985	0.14681377114775612	0.00000000000000000	0.18923081370952163	0.00000000000000000	0.01546408992010712	1.05924975235346364
IMMU-BC2-0778-FIXT-01	0.58680159794492570	0.00000000000000000	0.00000000000000000	0.00000000000000000	0.00000000000000000	0.00000000000000000	0.00000000000000000	0.00000000000000000	0.18131646764875456	0.00000000000000000	0.23188193440631974	0.00000000000000000	0.10775521181107292	1.09839575511238086
IMMU-BC2-0781-FIXT-01	0.44941664523724306	0.00000000000000000	0.07761891014518407	0.00000000000000000	0.00000000000000000	0.00000000000000000	0.00000000000000000	0.00000000000000000	0.01500913138769838	0.05208130832499364	0.40587400490488101	0.00000000000000000	0.03775801607706602	1.09750260495744589
IMMU-BC2-0784-FIXT-01	0.24119544976422122	0.00000000000000000	0.22048279621650407	0.00000000000000000	0.00000000000000000	0.00001260323452873	0.00000000000000000	0.28557455559822492	0.01008549681359412	0.00000000000000000	0.24264909837292689	0.00000000000000000	0.00830438182397417	1.07954786386414936
IMMU-BC2-0785-FIXT-01	0.16328508759110164	0.00000000000000000	0.01364222167640811	0.00000000000000000	0.00000000000000000	0.00000000000000000	0.00000000000000000	0.65549099102147845	0.06145005826586845	0.00000000000000000	0.10613164144514338	0.00000000000000000	0.03107301732811487	1.04635631389450912
IMMU-BC2-0792-FIXT-01	0.56823299483156642	0.02142207028868632	0.21736343610528794	0.00000000000000000	0.00000000000000000	0.00000000000000000	0.00000000000000000	0.13765980814234680	0.00072058062082514	0.00000000000000000	0.05460111001128728	0.00000000000000000	0.03389962570222834	1.14396675365354894
IMMU-BC2-0794-FIXT-01	0.06813045628368818	0.00000000000000000	0.15934555324525637	0.00000000000000000	0.00000000000000000	0.00000000000000000	0.00000000000000000	0.77252399047105547	0.00000000000000000	0.00000000000000000	0.00000000000000000	0.00000000000000000	0.04162359760487701	1.05409534814396233
IMMU-BC2-0797-FIXT-01	0.21119525332365960	0.00000000000000000	0.41282850005168426	0.00000000000000000	0.00000000000000000	0.00000000000000000	0.00000000000000000	0.12158520535595506	0.05196905702542282	0.05803079055027428	0.14439119369300396	0.00000000000000000	0.07171469539115694	1.12182712184178168
IMMU-BC2-0801-FIXT-01	0.56150188276893320	0.00000000000000000	0.29687332705938979	0.00000000000000000	0.00000000000000000	0.00000000000000000	0.00000000000000000	0.00000000000000000	0.04823397035421342	0.04920112664525919	0.04418969317220439	0.00000000000000000	0.00095676240828100	1.18584920386695902
IMMU-BC2-0804-FIXT-01	0.11469989150445513	0.00402209941614749	0.14323760030044741	0.00000000000000000	0.00000000000000000	0.00000000000000000	0.00000000000000000	0.00000000000000000	0.22399266646706112	0.30573674264318945	0.20831099966869931	0.00000000000000000	0.03295230640442031	1.06233466211622885
IMMU-BC2-0805-FIXT-01	0.50269617598193972	0.00000000000000000	0.06489195385748278	0.00000000000000000	0.00000000000000000	0.00000000000000000	0.00000000000000000	0.00000000000000000	0.20666089560352605	0.05074352935206742	0.17500744520498399	0.00000000000000000	0.03381604534067557	1.10750869599672508
IMMU-BC2-0812-FIXT-01	0.68828784714084013	0.00000000000000000	0.02609137017303258	0.00000000000000000	0.00000000000000000	0.00000000000000000	0.00000000000000000	0.00000000000000000	0.11678238543928766	0.00000000000000000	0.16883839724683963	0.00000000000000000	0.03399019044742337	1.17460223091202365
IMMU-BC2-0813-FIXT-01	0.05151429137614569	0.00000000000000000	0.11433901749055855	0.00000000000000000	0.00000000000000000	0.00000000000000000	0.00000000000000000	0.00000000000000000	0.15231578457312206	0.37519411991032409	0.30663678664984967	0.00000000000000000	-0.02206381503585223	1.08394001850919275
IMMU-BC2-0815-FIXT-01	0.36540133921973567	0.00000000000000000	0.00000000000000000	0.00000000000000000	0.00000000000000000	0.00000000000000000	0.00000000000000000	0.00000000000000000	0.42883305727613968	0.02706956235188463	0.17869604115224019	0.00000000000000000	0.02881821454326523	1.10733922226186876
IMMU-BC2-0815-FIXT-01	0.53688024495306241	0.00000000000000000	0.00000000000000000	0.00000000000000000	0.00000000000000000	0.00000000000000000	0.00000000000000000	0.04729104919811767	0.25679719260787620	0.07208776753262135	0.08694374570832238	0.00000000000000000	0.05794513045893909	1.11379394549299215
IMMU-BC2-0829-FIXT-01	0.59134400362712813	0.00000000000000000	0.00021165523223900	0.00000000000000000	0.00000000000000000	0.00000000000000000	0.00000000000000000	0.20549752611002794	0.02196146306740935	0.00000000000000000	0.18098535196319546	0.00000000000000000	0.07863837829936221	1.10799839477936679
IMMU-BC2-0832-FIXT-01	0.19051405755840400	0.00000000000000000	0.12417334198434866	0.00000000000000000	0.00000000000000000	0.00000000000000000	0.00000000000000000	0.00000000000000000	0.21252475982151195	0.07935629237213666	0.39343154826359877	0.00000000000000000	-0.04737936444473773	1.09437914025451644
IMMU-BC2-0834-FIXT-01	0.25686819501240249	0.00000000000000000	0.00000000000000000	0.00000000000000000	0.00000000000000000	0.00000000000000000	0.00000000000000000	0.35445997778531191	0.13810658264499157	0.00000000000000000	0.25056524455729401	0.00000000000000000	0.04448420138630924	1.04488346856572312
IMMU-BC2-0842-FIXT-01	0.37473706320752775	0.00000000000000000	0.08110024887650789	0.00000000000000000	0.00000000000000000	0.00000000000000000	0.00000000000000000	0.41194533441697673	0.01067837234178095	0.00000000000000000	0.12153898115720672	0.00000000000000000	0.01327338506779799	1.07246977573299618
IMMU-BC2-0843-FIXT-02	0.09804894991883274	0.00000000000000000	0.00000000000000000	0.00000000000000000	0.00000000000000000	0.00000000000000000	0.00000000000000000	0.33369006529769651	0.24080474515118730	0.00000000000000000	0.32745623963228332	0.00000000000000000	0.03902762272777598	1.05064860872874810
IMMU-BC2-0844-FIXT-02	0.36481480973311375	0.12691048223498475	0.16683730868643659	0.00000000000000000	0.00000000000000000	0.00000000000000000	0.00000000000000000	0.00000000000000000	0.18652184991420792	0.00000000000000000	0.15491554943125710	0.00000000000000000	0.02154730067010398	1.08906692092869739
IMMU-BC2-0845-FIXT-01	0.60169746321131701	0.00000000000000000	0.00000000000000000	0.00019748290339116	0.00000000000000000	0.00000000000000000	0.00000000000000000	0.00000000000000000	0.20532393394930629	0.00000000000000000	0.19278111993598557	0.00000000000000000	0.06228484400482048	1.12865764461398710
IMMU-BC2-0856-FIXT-01	0.03650357891465302	0.07331901350047625	0.16802113919633530	0.00000000000000000	0.00000000000000000	0.00000000000000000	0.00000000000000000	0.00379544679955105	0.13303181730882627	0.21337224088120743	0.37195676339895062	0.00000000000000000	0.00431425566930620	1.07730065173553125
IMMU-BC2-0862-FIXT-01	0.49886270090843393	0.00000000000000000	0.04093917972506889	0.00000000000000000	0.00000000000000000	0.00000000000000000	0.00000000000000000	0.00000000000000000	0.16836665333199252	0.01950359827467479	0.27232786775982987	0.00000000000000000	0.09513335262799896	1.07681342034949878
IMMU-BC2-0876-FIXT-01	0.34943328579032507	0.00000000000000000	0.04913672456553179	0.00000000000000000	0.00000000000000000	0.00000000000000000	0.00000000000000000	0.07660534088169291	0.20664892910532912	0.00000000000000000	0.31817571965712105	0.00000000000000000	0.03631275630490111	1.06962880388275750
IMMU-BC2-0878-FIXT-01	0.60109923030810097	0.00000000000000000	0.00000000000000000	0.00000000000000000	0.00000000000000000	0.00000000000000000	0.00000000000000000	0.00000000000000000	0.18888352206954789	0.05320846212806867	0.15680878549428254	0.00000000000000000	0.08208862675112955	1.11671576227631952
IMMU-BC2-0879-FIXT-01	0.34884155134082157	0.00000000000000000	0.00672604029052827	0.00000000000000000	0.00000000000000000	0.00000000000000000	0.00000000000000000	0.29607857371627383	0.09777934723377528	0.00000000000000000	0.25057448741860094	0.00000000000000000	0.04496902309859135	1.05592541689893138
IMMU-BC2-0880-FIXT-01	0.83565311046827218	0.00000000000000000	0.00000000000000000	0.00000000000000000	0.00000000000000000	0.00000000000000000	0.00000000000000000	0.00590157565937770	0.02526890281209779	0.00000000000000000	0.13317641106025227	0.00000000000000000	0.09541616503648140	1.21022109098230479
IMMU-BC2-0881-FIXT-01	0.59410920886328433	0.00000000000000000	0.16701458713407899	0.00000000000000000	0.00000000000000000	0.00000000000000000	0.00000000000000000	0.07754459714186858	0.11580846068050386	0.00000000000000000	0.04552314618026429	0.00000000000000000	0.03853137951074469	1.14294623375728266
IMMU-BC2-0885-FIXT-01	0.16463957778267693	0.00571126682621387	0.20385501425521857	0.00000000000000000	0.00000000000000000	0.00000000000000000	0.00000000000000000	0.46988673777702361	0.04442538850270040	0.00000000000000000	0.11148201485616664	0.00000000000000000	0.02740832096013076	1.05664613773617644
IMMU-BC2-0891-FIXT-01	0.20546116440865494	0.00000000000000000	0.14019361981152520	0.00000000000000000	0.00000000000000000	0.00000000000000000	0.00000000000000000	0.00000000000000000	0.17577913259606773	0.40243779408960006	0.07612828909415212	0.00000000000000000	0.00999084390166145	1.07886403604355907
IMMU-BC2-0898-FIXT-01	0.29527185854820248	0.00000000000000000	0.00000000000000000	0.00209703111084165	0.00000000000000000	0.00000000000000000	0.00000000000000000	0.26702366351463047	0.16266034219633779	0.00000000000000000	0.27294710462998750	0.00000000000000000	0.04463262425668275	1.05105569155163781
IMMU-BC2-0900-FIXT-02	0.39428321501229141	0.07531368231973566	0.00000000000000000	0.00000000000000000	0.00000000000000000	0.00000000000000000	0.00000000000000000	0.00000000000000000	0.24448805874259474	0.03528595694800906	0.25062908697736908	0.00000000000000000	0.04211804395140587	1.07775960197900500
IMMU-BC2-0925-FIXT-01	0.43501982002341927	0.00000000000000000	0.00000000000000000	0.00000000000000000	0.00000000000000000	0.00000000000000000	0.00000000000000000	0.27926921529652982	0.15218018449979923	0.00000000000000000	0.13353078018025161	0.00000000000000000	0.03137774664411479	1.08394689093094687
IMMU-BC2-0928-FIXT-01	0.16902150117958481	0.00028439773946112	0.09445984477162758	0.00000000000000000	0.00000000000000000	0.00000000000000000	0.00000000000000000	0.33053099271829084	0.24638860869076887	0.00000000000000000	0.15931465490026683	0.00000000000000000	0.03132012147606790	1.05181392208010016
IMMU-BC2-0930-FIXT-01	0.44170569821378902	0.00000000000000000	0.00097902058542372	0.00000000000000000	0.00000000000000000	0.00000000000000000	0.00000000000000000	0.06916218544226009	0.00000000000000000	0.00000000000000000	0.48815309575852717	0.00000000000000000	0.03000161532225517	1.10152686913225972
IMMU-BC2-0931-FIXT-01	0.29983663121971288	0.00000000000000000	0.00000000000000000	0.00000000000000000	0.00000000000000000	0.00000000000000000	0.00000000000000000	0.27850372087603020	0.00000000000000000	0.00000000000000000	0.42165964790425697	0.00000000000000000	0.03860447713153468	1.05815773679062852
IMMU-BC2-0931-FIXT-02	0.00000000000000000	0.00000000000000000	0.16010523770782065	0.00000000000000000	0.17744439383571278	0.00000000000000000	0.00000000000000000	0.10398390765827498	0.35801847705942541	0.20044798373876621	0.00000000000000000	0.00000000000000000	-0.01853716879225288	1.10894252144187155
IMMU-BC2-0936-FIXT-01	0.37792237881923380	0.00000000000000000	0.00000000000000000	0.00000000000000000	0.00000000000000000	0.00000000000000000	0.00000000000000000	0.30267925464113205	0.00000000000000000	0.00000000000000000	0.31939836653963410	0.00000000000000000	0.06234664751836352	1.05698291083706897
IMMU-BC2-0946-FIXT-01	0.20180122719861371	0.01127775562453842	0.24648115438340709	0.00000000000000000	0.00000000000000000	0.00000000000000000	0.00000000000000000	0.21118372634952592	0.06277981036395419	0.03948434864742895	0.22699197743253163	0.00000000000000000	0.00799963045900415	1.08240564618272161
IMMU-BC2-1000-FIXT-01	0.16088317539342256	0.00000000000000000	0.19872434020174168	0.00000000000000000	0.00000000000000000	0.00000000000000000	0.00000000000000000	0.18280470031966067	0.12134459850362105	0.11743442943057887	0.21880875615097531	0.00000000000000000	0.04236088093812879	1.05570036114224775
IMMU-BC2-1002-FIXT-01	0.14043257452559416	0.00000000000000000	0.12309590071160331	0.00000000000000000	0.00000000000000000	0.00000000000000000	0.00000000000000000	0.12961653933277045	0.43616531922652052	0.00000000000000000	0.17068966620351156	0.00000000000000000	0.00010379534840022	1.09840211961694467
IMMU-BC2-1003-FIXT-01	0.62427703720932837	0.00000000000000000	0.05978524419497518	0.00000000000000000	0.00000000000000000	0.00000000000000000	0.00000000000000000	0.00000000000000000	0.11591268911635372	0.00000000000000000	0.20002502947934284	0.00000000000000000	0.06791534865040311	1.13028137963710584
IMMU-BC2-1004-FIXT-01	0.63910186761644083	0.00000000000000000	0.00000000000000000	0.00000000000000000	0.00000000000000000	0.00835735151418811	0.00000000000000000	0.00000000000000000	0.19638524635644364	0.06513032811489501	0.09102520639803227	0.00000000000000000	0.01331962282443391	1.16880768869590579
IMMU-BC2-1006-FIXT-01	0.32823817549803896	0.00194323105728413	0.09394751168029532	0.00000000000000000	0.00000000000000000	0.02837512417254453	0.00000000000000000	0.19262140465363708	0.03141262928331517	0.00000000000000000	0.32346192365488485	0.00000000000000000	0.00553563815780596	1.07344798604270331
IMMU-BC2-1007-FIXT-01	0.50277984849482560	0.00000000000000000	0.03176393683597602	0.01959900311195938	0.00000000000000000	0.00000000000000000	0.00000000000000000	0.11577974924610430	0.10726247825330400	0.03433291432066125	0.18848206973716936	0.00000000000000000	0.02588453728207231	1.10279623469858756
IMMU-BC2-1016-FIXT-01	0.15432116390046749	0.00000000000000000	0.01384201187691398	0.00000000000000000	0.00000000000000000	0.00000000000000000	0.00000000000000000	0.06360748934450929	0.03399115680501379	0.00000000000000000	0.73423817807309544	0.00000000000000000	-0.02208848769709288	1.11530651577205697
IMMU-BC2-1020-FIXT-01	0.58066166498018790	0.00000000000000000	0.00371876539134107	0.00000000000000000	0.00000000000000000	0.00000000000000000	0.00000000000000000	0.00000000000000000	0.00000000000000000	0.36417646565330652	0.05144310397516449	0.00000000000000000	0.09896202369456701	1.11247306023363524
IMMU-BC2-1022-FIXT-01	0.26159143046670186	0.00000000000000000	0.00000000000000000	0.00000000000000000	0.00000000000000000	0.00000000000000000	0.00000000000000000	0.29465396511307190	0.28863468385855462	0.00000000000000000	0.15511992056167168	0.00000000000000000	0.05623807918554522	1.05579574669542398
IMMU-BC2-1023-FIXT-01	0.54166531276420005	0.00000000000000000	0.10123176301819968	0.00000000000000000	0.00000000000000000	0.00000000000000000	0.00000000000000000	0.13837674434714373	0.11054957245766513	0.00000000000000000	0.10817660741279152	0.00000000000000000	0.03427807819584692	1.11547241914611450
IMMU-BC2-1025-FIXT-01	0.33088668308743124	0.00000000000000000	0.13812446937805717	0.00000000000000000	0.00000000000000000	0.00000000000000000	0.00000000000000000	0.28340920669398240	0.08777517523037684	0.00000000000000000	0.15980446561015255	0.00000000000000000	0.02791566023003262	1.06387506862790882
IMMU-BC2-1026-FIXT-01	0.31965537723308096	0.00389195721360250	0.00000000000000000	0.02295985697456505	0.00000000000000000	0.00000000000000000	0.00000000000000000	0.22688547067155940	0.28310147810243297	0.00000000000000000	0.14350585980475905	0.00000000000000000	0.06564533076116506	1.05720683553581685
IMMU-BC2-1031-FIXT-01	0.14991105928138265	0.00000000000000000	0.00479413729771668	0.00796843739111634	0.00859479961528433	0.00583337010291109	0.00000000000000000	0.43597890263710648	0.24335426984367359	0.14356502383080866	0.00000000000000000	0.00000000000000000	0.03641908650890142	1.06340982451261046
IMMU-BC2-1035-FIXT-01	0.57518498251841832	0.01140821634601394	0.00000000000000000	0.00000000000000000	0.00000000000000000	0.00264772068328177	0.00000000000000000	0.00000000000000000	0.18466988203736120	0.11276870345405042	0.11332049496087430	0.00000000000000000	0.02563322492890914	1.13588559700132974
IMMU-BC2-1036-FIXT-01	0.50650890426555595	0.00000000000000000	0.20932412385700294	0.00000000000000000	0.00000000000000000	0.00000000000000000	0.00000000000000000	0.28416697187744105	0.00000000000000000	0.00000000000000000	0.00000000000000000	0.00000000000000000	0.06535528982985533	1.10477340961399406
IMMU-BC2-1047-FIXT-01	0.34660324856672448	0.02076267411619535	0.05409726989756034	0.00000000000000000	0.00000000000000000	0.00296014377900019	0.00590874947905585	0.00000000000000000	0.19577550356714071	0.14743027118232141	0.22646213941200161	0.00000000000000000	0.00877267607880583	1.07566145611981767
IMMU-BC2-1050-FIXT-01	0.59156174623559821	0.00000000000000000	0.04242267343458542	0.00000000000000000	0.00000000000000000	0.00603495647878691	0.00000000000000000	0.00000000000000000	0.02710181027827928	0.10386756180666701	0.22901125176608320	0.00000000000000000	0.09827854445495447	1.10104803396096829
IMMU-BC2-1053-FIXT-01	0.10213217342876607	0.00000000000000000	0.05619931259044532	0.00000000000000000	0.00000000000000000	0.00000000000000000	0.00000000000000000	0.47559278627385010	0.12542269347578996	0.00000000000000000	0.24065303423114842	0.00000000000000000	0.06645509095635617	1.03104670340413040
IMMU-BC2-1075-FIXT-01	0.43159741529364792	0.00000000000000000	0.11577352811601291	0.00000000000000000	0.00000000000000000	0.00000000000000000	0.00000000000000000	0.00000000000000000	0.02235698674540852	0.18009088892114095	0.25018118092378977	0.00000000000000000	0.05004835234942337	1.08222133002815246
IMMU-BC2-1096-FIXT-01	0.59422247880486534	0.00000000000000000	0.11814596781157050	0.00000000000000000	0.00000000000000000	0.00133943803598041	0.00000000000000000	0.09762812067080996	0.18866399467677386	0.00000000000000000	0.00000000000000000	0.00000000000000000	0.04718367794980603	1.13659183743003367
