Samples	CBSX__HNSCC__B_cells	CBSX__HNSCC__T_cells_CD8	CBSX__HNSCC__T_cells_CD4	CBSX__HNSCC__Macrophages	CBSX__HNSCC__Dendritic_cells	CBSX__HNSCC__Mast_cells	CBSX__HNSCC__Myocytes	CBSX__HNSCC__CAFs	CBSX__HNSCC__Endothelial_cells	CBSX__HNSCC__Malignant_cells
IMMU-BC3-0099	0	0	0.03363320481543387	0	0	0	0	0.9279512348888097	0.03841556029575633	0
IMMU-BC3-0101	0	0	0.2983111205655648	0.03835339831816995	0.0086751636148889	0	0	0.552454441076871	0.10220587642450536	0
IMMU-BC3-0109	0	0	0.2736417038901383	0.14232477310164326	0	0	0	0.5389831714474371	0.04505035156078131	0
IMMU-BC3-0111	0	0	0.10485565920763952	0.07361255688004596	0	0	0	0.6544206254067215	0.1613716312553277	0.00573952725026543
IMMU-BC3-0113	0	0	0.1807824574345933	0	0	0	0	0.6773828333118826	0.14183470925352393	0
IMMU-BC3-0119	0	0	0.10503865413526844	0	0	0	0	0.8072582249828114	0.08770312088192031	0
IMMU-BC3-0124	2.0425450643827e-4	0	0.0522817165601265	0	0	0	0	0.9113308169928309	0.03618321194060437	0
IMMU-BC3-0126	0.00171246950370458	0	0.23645847780793455	0.07696936992771465	0	0	0	0.5684441406078362	0.11641554215281	0
IMMU-BC3-0138	0	0	0.09027833394710312	0	0	0	0	0.7882545296200943	0.12146713643280244	0
IMMU-BC3-0139	0.00129015497188547	0	0.09194196832447472	0	0	0	0	0.783477129485411	0.1232907472182288	0
IMMU-BC3-0147	0	0	0.04369344067666389	0	0.01776318572628746	0	0	0.8438848166793665	0.0946585569176822	0
IMMU-BC3-0152	0	0	0	0	0.01411947612924961	0	0	0.8304776578230809	0.15540286604766934	0
IMMU-BC3-0154	0	0	0	0	0	0	0	0.8461524781425404	0.15384752185745956	0
IMMU-BC3-0154	0	0	0.00912314558778025	0	0.00117883191301295	0	0	0.8876366924986503	0.1020613300005565	0
IMMU-BC3-0155	0.00558811370172688	0	0.20516622960054223	0.05725144329020913	0.014406003045252	0	0	0.6568216525928384	0.06076655776943134	0
IMMU-BC3-0165	0	0	0.1682421161906426	0.1470814957882472	0	0	0	0.6437046865204222	0.04097170150068789	0
IMMU-BC3-0168	0.01288797166847389	0	0.4428780938727185	0	0.01784657222005677	0	0	0.4512012809357009	0.07518608130305007	0
IMMU-BC3-0171	0	0	0.30264468769304587	0.02728950619294003	0	0	0	0.4883697341013352	0.18169607201267893	0
IMMU-BC3-0177	0	0	0.554989505630176	0.04866052685925299	0	0	0	0.39634996751057106	0	0
IMMU-BC3-0181	0	0	0.05314206641142228	0	0.04441096420506557	0	0	0.5887365735094731	0.31371039587403904	0
IMMU-BC3-0187	0	0	0.18270662275594937	0	0	0	0	0.6997796178887824	0.11751375935526828	0
IMMU-BC3-0188	0.02123921271347074	0	0.19657026785958667	0.13886421829326495	0.0014547321002221	0	0	0.6078100746184706	0.03406149441498494	0
IMMU-BC3-0189	0	0	0.23045765781586905	0	0.01032034672345524	0	0	0.7014212600047495	0.05780073545592625	0
IMMU-BC3-0190	0.00291382993595342	0	0.14286311447075545	0	0.00862746698601971	0	0	0.7796553657419181	0.02719235263065756	0.038747870234695773
IMMU-BC3-0198	8.6625145299649e-4	0	0.09087859498312024	0	0.05002863700733481	0	0	0.7587982671396947	0.09942824941685371	0
IMMU-BC3-0199	0	0	0.2822530304889537	0.27061993269851875	0	0	0	0.44712703681252747	0	0
IMMU-BC3-0200	0.01218887851542212	0	0.08671035442637948	0	0	0	0	0.8721582949038481	0.02894247215435028	0
IMMU-BC3-0204	0	0	0.3469673702127442	0.1067038431135518	0	0	0	0.5145372606306111	0.03179152604309293	0
IMMU-BC3-0212	0	0	0.02332697228949213	0	0	0	0	0.9214130502654497	0.05525997744505818	0
IMMU-BC3-0220	0	0	0.11563671581300554	0	0	0	0	0.8295524546784584	0.05481082950853609	0
IMMU-BC3-0221	0	0	0.08487113970504015	0	0	0	0	0.8175117765479529	0.09761708374700676	0
IMMU-BC3-0222	0	0	0	0.04591960632372007	0	0.00236773272196254	0	0.8591851404500556	0.09252752050426172	0
IMMU-BC3-0230	0	0	0	0	0.02882126484547979	0.02935144408309416	0	0.8684759734863917	0.07335131758503433	0
IMMU-BC3-0233	0	0	0.09221280401946425	0	0	0	0	0.9005640510487245	0.00722314493181114	0
IMMU-BC3-0234	0	0	0.11843917551239332	0	0	0.00505602315177914	0	0.680281746333238	0.1962230550025895	0
IMMU-BC3-0235	0	0	0.11865332753743492	0	0	0	0	0.8014357771257631	0.07991089533680217	0
IMMU-BC3-0238	0	0	0	0	0	0	0	0.7393053316734108	0.26069466832658894	0
IMMU-BC3-0239	0	0	0.09931742643668508	0.06428924653388673	0	0	0	0.734716164053512	0.10167716297591634	0
IMMU-BC3-0240	0	0	0.14179995196563386	0.06325742423375845	0	0	0	0.7374480396492696	0.05749458415133808	0
IMMU-BC3-0241	0	0	0.09300557976528503	0	0.08155665819785389	0	0	0.8254377620368609	0	0
IMMU-BC3-0251	0	0	0.2377556314361496	0	3.4452630621791e-4	0	0	0.6894926319965586	0.07240721026107386	0
IMMU-BC3-0251	0	0	0.03237924883388157	0.00656243585716098	0	0	0	0.8989393088771753	0.04773509090143461	0.01438391553034742
IMMU-BC3-0255	0.00442176363184934	0	0.2426244929467094	0.07199035271554886	0	0	0	0.6413117108290729	0.03965167987681954	0
IMMU-BC3-0256	0	0	0.02068893782884594	0	0	0	0	0.7774469045005435	0.20186415767061044	0
IMMU-BC3-0262	0	0	0.06267098216350676	0	0	0	0	0.8426009444524256	0.09472807338406772	0
IMMU-BC3-0263	0	0	0.04555673800550682	0	0.01106843973448487	0	0	0.8114635608938893	0.13191126136611908	0
IMMU-BC3-0263	0	0	0.00627022402124378	0	0	0	0.08655241198062683	0.7677552209088803	0.11876444672055922	0.02065769636868985
IMMU-BC3-0267	0	0	0	0	0	0	0	0.7387604346443181	0.26123956535568194	0
IMMU-BC3-0269	0	0	0	0	0	0	0	0.876530612061963	0.12346938793803695	0
IMMU-BC3-0272	0.00298447031954788	0	0.11137633212486726	0.10191838643025458	0	0	0	0.7081564620210897	0.0755643491042406	0
IMMU-BC3-0273	0	0	0.03911338495598682	0	0	0	0	0.7983442300913793	0.16254238495263373	0
IMMU-BC3-0274	0	0	0.11631961420547685	0.11129473089068088	0	0	0	0.7723856549038423	0	0
IMMU-BC3-0275	0	0	0.11236431224629798	0	0	0	0	0.8539573662947749	0.03367832145892719	0
IMMU-BC3-0275	0	0	0	0	0	0.10735122228080148	0	0.7515661555546485	0.14108262216455006	0
IMMU-BC3-0276	0	0	0.07138679765746105	0.08733358524743921	0	0	0	0.830438469180034	0.01084114791506575	0
IMMU-BC3-0278	0	0	0	0.09184480542636927	0	0.03773258084290686	0	0.5849182902649485	0.2855043234657754	0
IMMU-BC3-0281	0	0	0.06817818505909723	0	0	0	0	0.9207149224675656	0.01110689247333719	0
IMMU-BC3-0281	0	0	0.2532086651066478	0	0.04660835388775217	0	0	0.6857517092320404	0.01443127177355955	0
IMMU-BC3-0286	0.00497186838910826	0	0.26375671209504814	0.14711490803145005	0	0	0	0.5529773956577833	0.03117911582661029	0
IMMU-BC3-0291	0.00132687170943384	0	0.3397667620505712	0.05811087801211728	0.04640515530013217	0	0	0.46211349465494583	0.0922768382727996	0
IMMU-BC3-0296	0	0.01904840543253189	0	0	0	0	0	0.6752673917186081	0.04078266023615956	0.2649015426127006
IMMU-BC3-0299	0	0	0.09256019283888496	0	0	0	0	0.8230073227072643	0.08443248445385075	0
IMMU-BC3-0307	0	0	0.10786252329807254	0.01010136731732425	0	3.3370237100581e-4	0	0.7933132077375897	0.08838919927600776	0
IMMU-BC3-0315	0	0	0.1838003411603074	0	0	0	0	0.7650706112512672	0.05112904758842542	0
IMMU-BC3-0321	0	0	0	0	0	0	0	0.8261912419127588	0.13261528344320764	0.04119347464403343
IMMU-BC3-0322	0	0	0.0688700223798163	0	0	0	0	0.8331551999868541	0.09797477763332968	0
IMMU-BC3-0325	0	0	0.05068483591183112	0	0	0	0	0.8248445754783907	0.1244705886097782	0
IMMU-BC3-0332	1.8261087584529e-4	0	0.20394124895205903	0	0	0	0	0.7435287254608003	0.0523474147112953	0
IMMU-BC3-0338	0	0	0.3213062481599872	0	0	0	0	0.6436906180750308	0.03500313376498188	0
IMMU-BC3-0341	0	0	0.06540990155963328	0.08405597239409814	0.05803318287272343	0	0	0.7687978599302961	0.02370308324324898	0
IMMU-BC3-0352	0	0	0.13534782661684913	0	0	0	0	0.7577352488028604	0.10691692458029066	0
IMMU-BC3-0357	0.02314223512403369	0.00154349076328208	0.00218524321201268	0	0.00533564615473476	0	0	0.9046487315543232	0.06314465319161357	0
IMMU-BC3-0361	0	0	0	0.06835669866386004	0.04245038383837182	0	0	0.8344450581398876	0.05474785935788065	0
IMMU-BC3-0376	0	0	0.02388210495095259	0.04612919595251926	0	0	0	0.9057171637554507	0.00390690986978602	0.0203646254712914
IMMU-BC3-0381	0.01318557435002211	0	0.42745473676451234	0.13116657127424655	0	0	0	0.405276639727098	0.02291647788412113	0
IMMU-BC3-0382	0	0	0.22243257269831573	0	0	0	0	0.5384517675560853	0.23911565974559887	0
IMMU-BC3-0389	0	0	0.04524744047625779	0	0.02355890067628356	0	0	0.9140279358826768	0.01716572296478187	0
IMMU-BC3-0390	0	0	0.11736826055168348	0	0.04155142726033554	0	0	0.841080312187981	0	0
IMMU-BC3-0393	0	0	0.05509383283936584	0.05904889401234271	0	0	0	0.8680502401708649	0	0.01780703297742666
IMMU-BC3-0412	0	0	0.17254079560803687	0	0	0	0	0.8005910764204103	0.02686812797155289	0
IMMU-BC3-0413	0	0	0.00593468895335152	0	0.02978636417713739	0	0	0.9229542017352138	0.04132474513429729	0
IMMU-BC3-0415	0	0	0.03231304976076098	0	0	0	0	0.9184876495735516	0.04919930066568762	0
IMMU-BC3-0421	0.01769715128970537	0	0.3935583005812998	0	0	0	0	0.5223813148389277	0.06636323329006724	0
IMMU-BC3-0423	0	0	0.25604166401940015	0	0	0	0	0.7171985686838096	0.02675976729679018	0
IMMU-BC3-0428	0	0	0.21178175743081393	0	0	0	0	0.701422885928854	0.08679535664033214	0
IMMU-BC3-0428	0	0	0	0	0	0.0012943660584938	0	0.8979053224778852	0.10075921423653456	4.10972270863e-5
IMMU-BC3-0431	0	0	0.3784551815018481	0	0	0	0	0.5835561501259143	0.03798866837223754	0
IMMU-BC3-0537	0	0	0.21071433314468563	0	0.01511082550308194	0	0	0.7418131328384098	0.0323617085138226	0
IMMU-BC3-0542	0	0	0.04041515048255074	0.03209267532795642	0	0	0	0.8797666916500483	0.04772548253944445	0
IMMU-BC3-0543	0.00565723782323195	0	0.14232132804285846	0	0.0988124348105756	0	0	0.7532089993233341	0	0
IMMU-BC3-0545	0.00229409823821137	0	0.02683288175693396	0.11246494979969004	0	0	0	0.8584080702051646	0	0
IMMU-BC3-0547	0.01264610228590002	0	0.07171119171702976	0	0	0	0	0.849692228886093	0.01582623534713631	0.050124241763840983
IMMU-BC3-0759	0.01084383646566811	0	0.11953717766676124	0.0772338624829829	0.1101261400546514	0	0	0.6355816667348524	0.04667731659508395	0
IMMU-BC3-0760	0.00173727501956143	0	0.3638704028567494	0	0.01338175362968743	0	0	0.6210105684940017	0	0
IMMU-BC3-0761	0	0	0.15310021667029602	0	0	0	0	0.80093046325598	0.04596932007372394	0
IMMU-BC3-0774	0	0	0.4296940320816205	0	0.00995528910096152	0	0	0.463447611056001	0.09690306776141702	0
IMMU-BC3-0787	0.0034403612513511	0	0	0	0.01055353469934726	0	0	0.8331312239344523	0.15287488011484923	0
IMMU-BC3-0788	0	0	0.07738778720581688	0	0	0	0	0.8842714403315604	0.03834077246262287	0
IMMU-BC3-0791	8.1901734949764e-4	0	0.13121634626970635	0	0.10295429192088008	0	0	0.7115273969082975	0.05348294755161846	0
IMMU-BC3-0796	0	0	0.00151636934862219	0	0	0	0	0.903237214272718	0.05457412400061347	0.04067229237804632
IMMU-BC3-0799	3.4925635151099e-4	0	0.05956683082502114	0	0.11656131197590104	0	0	0.7549924942573102	0.06853010659025649	0
IMMU-BC3-0800	0	0	0.04454476524932501	0.00345546065767226	0	0	0	0.8331847361489116	0.11017105011922725	0.00864398782486376
IMMU-BC3-0807	0	0	0	0	0.08975242343220716	0	0	0.907862908390051	0.00238466817774178	0
IMMU-BC3-0811	7.8799469596639e-4	0	0.22325482587160547	0	0.01794510292772841	0	0	0.7000658150157953	0.05794626148890445	0
IMMU-BC3-0817	0	0	0.10283341859309356	0	0	0	0	0.8408893830804249	0.05627719832648144	0
IMMU-BC3-0817	0	0	0.04066911114217885	0	0	0	0	0.8955607996586178	0.06377008919920334	0
IMMU-BC3-0818	0	0.04670357022753459	0	0	0	0	0	0.9527569813319139	5.3944844055138e-4	0
IMMU-BC3-0818	0	0.00597887564307287	0	0	0	0	0	0.9480617860601556	0.04595933829677159	0
IMMU-BC3-0819	4.924615246902e-4	0	0.06027106548956469	0	0.02654149991295177	0	0	0.8228341392642748	0.04242114841818791	0.04743968539033058
IMMU-BC3-0819	0	0	0.13186671471676836	0	0.06291600618791222	0	0	0.743930146286602	0.0612871328087172	0
IMMU-BC3-0820	0	0	0.07692065093472637	0	0	0	0	0.9045978710177541	0.01848147804751967	0
IMMU-BC3-0821	0	0	0.07581068958548655	0.13012049002369996	0	0	0	0.7940688203908136	0	0
IMMU-BC3-0825	0	0	0.02327381380054422	0	0	0.0026611067044233	0	0.8848756902498438	0.08918938924518867	0
IMMU-BC3-0825	0	0	0.00993928261929593	0.0304336969428208	0	0.00607721592626045	0	0.8648613581798087	0.08868844633181444	0
IMMU-BC3-0826	0.00376560358341044	0	0.11978379640614541	0	0	0	0	0.8039001266780462	0.07255047333239803	0
IMMU-BC3-0828	0	0	0.091512210084476	0	0.07349882615235705	0	0	0.71851217171058	0.01326288816433593	0.10321390388825093
IMMU-BC3-0830	0	0	0.08051771399033161	0	0.06467225824490572	0	0	0.8415857987271592	0.0132242290376035	0
IMMU-BC3-0833	0	0	0.13118963739504602	0	0.00945394944499484	0	0	0.8482655902539193	0.01109082290603978	0
IMMU-BC3-0835	0	0	0	0	0	0	0	0.9096054446744289	0.09039455532557109	0
IMMU-BC3-0836	0.0173129856054156	0	0.2639186577176678	0	0.09183896589071786	0	0	0.6269293907861986	0	0
IMMU-BC3-0837	0	0	0.3064797169752112	0	0	0	0	0.5540742444644189	0.1394460385603699	0
IMMU-BC3-0838	0	0	0.30802026289090156	0.08876168621302465	0.03902801028515353	0	0	0.55123761143765	0.0129524291732702	0
IMMU-BC3-0839	0	0	0.18576661742642517	0.02225729331562434	0.032628868593084	0	0	0.7175445535377558	0.04180266712711057	0
IMMU-BC3-0846	0	0	0.03811690774038151	0	0	0	0	0.9000242625876063	0.06185882967201225	0
IMMU-BC3-0848	0	0	0.09243467549362494	0.05201073057672265	0.03249522391164662	0	0	0.8230593700180058	0	0
IMMU-BC3-0849	3.0733404404987e-4	0	0.09094346067888548	0	0	0	0	0.8739942624284507	0.03475494284861393	0
IMMU-BC3-0850	4.0206906998513e-4	0	0.1600037948429597	0	0.01176283977121995	0	0	0.735213796271522	0.09261750004431311	0
IMMU-BC3-0851	0	0	0.05081534274889671	0.07112681131024028	0	0	0	0.7159626999491214	0.04128818236480534	0.12080696362693624
IMMU-BC3-0858	0	0	0.05550149511588257	0	0.02055854371150396	0	0	0.913256358761585	0.01068360241102839	0
IMMU-BC3-0873	0	0	0.02374449895744965	0	0	0	0	0.8387628204941447	0.07007137598640516	0.06742130456200043
IMMU-BC3-0893	0	0	0.097354588304552	0	0	0	0	0.8643185773579786	0.0383268343374694	0
IMMU-BC3-0903	0	0	0.15547345644109736	0	0	0	0	0.8214830642892379	0.02304347926966482	0
IMMU-BC3-0904	0.00317113146813804	0	0.28598026819801525	0.18303713794035387	0.03280413217913258	0	0	0.4855432623007944	0.0094640679135658	0
IMMU-BC3-0912	0.00536298896747741	0	0.08769101212356921	0	0	0	0	0.8445012250877852	0.06244477382116816	0
IMMU-BC3-0916	0	0	0.19060228450470576	0	0.05158928710925663	0	0	0.6941691805114094	0.06363924787462819	0
IMMU-BC3-0923	6.8272880646912e-4	0	0.06474638483641368	0	0	0	0	0.9242844986500061	0.01028638770711116	0
IMMU-BC3-0929	0	0	0.14362104726182565	0	0	0	0	0.8449047722620081	0.01147418047616613	0
IMMU-BC3-0935	0	0	0	0.09280119127323486	0	0	0	0.9071988087267652	0	0
IMMU-BC3-0937	0	0	0.21826666567623343	0	0	0	0	0.3764556723458872	0.03135559612316939	0.37392206585471
IMMU-BC3-0938	0	0	0.04332575039482737	0	0	0	0	0.9566742496051727	0	0
IMMU-BC3-0944	0	0	0.09928542316545792	0.1025488761475791	0	0	0	0.7481019015116616	0.05006379917530134	0
IMMU-BC3-1001	0	0	0	0	0.00150421209029536	0	0	0.9628466746151808	0.03564911329452385	0
IMMU-BC3-1033	0	0	0.2881113320109206	0	0.02800517618903668	0	0	0.6325804688090199	0.0513030229910228	0
IMMU-BC3-1063	0	0	0.30845448206182213	0	0	0	0	0.6915455179381779	0	0
