Mixture	B cells	T cells CD8	T cells CD4	Macrophages	Dendritic cells	Mast cells	Myocytes	CAFs	Endothelial cells	Malignant cells	P-value	Correlation	RMSE
IMMU-BC3-0099	0.00000000000000000	0.00000000000000000	0.03363320481543387	0.00000000000000000	0.00000000000000000	0.00000000000000000	0.00000000000000000	0.92795123488880982	0.03841556029575633	0.00000000000000000	0.00000000000000000	0.07487977292340682	1.04837491694387097
IMMU-BC3-0101	0.00000000000000000	0.00000000000000000	0.29831112056556480	0.03835339831816995	0.00867516361488890	0.00000000000000000	0.00000000000000000	0.55245444107687103	0.10220587642450535	0.00000000000000000	0.00000000000000000	0.03270109197301552	1.02976183837708635
IMMU-BC3-0109	0.00000000000000000	0.00000000000000000	0.27364170389013831	0.14232477310164326	0.00000000000000000	0.00000000000000000	0.00000000000000000	0.53898317144743713	0.04505035156078131	0.00000000000000000	0.00000000000000000	0.06578874580495349	1.02372952335240419
IMMU-BC3-0111	0.00000000000000000	0.00000000000000000	0.10485565920763951	0.07361255688004596	0.00000000000000000	0.00000000000000000	0.00000000000000000	0.65442062540672152	0.16137163125532769	0.00573952725026543	0.00000000000000000	0.05429437469629896	1.03385248878987102
IMMU-BC3-0113	0.00000000000000000	0.00000000000000000	0.18078245743459331	0.00000000000000000	0.00000000000000000	0.00000000000000000	0.00000000000000000	0.67738283331188265	0.14183470925352393	0.00000000000000000	0.00000000000000000	0.04057921393933703	1.03683823664532926
IMMU-BC3-0119	0.00000000000000000	0.00000000000000000	0.10503865413526843	0.00000000000000000	0.00000000000000000	0.00000000000000000	0.00000000000000000	0.80725822498281130	0.08770312088192031	0.00000000000000000	0.00000000000000000	0.03533541753797839	1.04993453189383557
IMMU-BC3-0124	0.00020425450643827	0.00000000000000000	0.05228171656012650	0.00000000000000000	0.00000000000000000	0.00000000000000000	0.00000000000000000	0.91133081699283092	0.03618321194060437	0.00000000000000000	0.00000000000000000	0.08975063446668603	1.04064919609935203
IMMU-BC3-0126	0.00171246950370458	0.00000000000000000	0.23645847780793455	0.07696936992771465	0.00000000000000000	0.00000000000000000	0.00000000000000000	0.56844414060783621	0.11641554215281000	0.00000000000000000	0.00000000000000000	0.05395027173481424	1.02628258221245794
IMMU-BC3-0138	0.00000000000000000	0.00000000000000000	0.09027833394710313	0.00000000000000000	0.00000000000000000	0.00000000000000000	0.00000000000000000	0.78825452962009435	0.12146713643280244	0.00000000000000000	0.00000000000000000	0.04830154939260944	1.04475905437601768
IMMU-BC3-0139	0.00129015497188547	0.00000000000000000	0.09194196832447471	0.00000000000000000	0.00000000000000000	0.00000000000000000	0.00000000000000000	0.78347712948541104	0.12329074721822879	0.00000000000000000	0.00000000000000000	0.04985074622329917	1.04377846538265251
IMMU-BC3-0147	0.00000000000000000	0.00000000000000000	0.04369344067666389	0.00000000000000000	0.01776318572628746	0.00000000000000000	0.00000000000000000	0.84388481667936655	0.09465855691768220	0.00000000000000000	0.00000000000000000	0.05955568616829250	1.04637263316675710
IMMU-BC3-0152	0.00000000000000000	0.00000000000000000	0.00000000000000000	0.00000000000000000	0.01411947612924961	0.00000000000000000	0.00000000000000000	0.83047765782308092	0.15540286604766934	0.00000000000000000	0.00000000000000000	0.05101287869272501	1.05080059466145270
IMMU-BC3-0154	0.00000000000000000	0.00000000000000000	0.00000000000000000	0.00000000000000000	0.00000000000000000	0.00000000000000000	0.00000000000000000	0.84615247814254035	0.15384752185745956	0.00000000000000000	0.00000000000000000	0.03097192732522331	1.05972205198902270
IMMU-BC3-0154	0.00000000000000000	0.00000000000000000	0.00912314558778025	0.00000000000000000	0.00117883191301295	0.00000000000000000	0.00000000000000000	0.88763669249865029	0.10206133000055650	0.00000000000000000	0.00000000000000000	0.08649259738777630	1.04180848510311796
IMMU-BC3-0155	0.00558811370172688	0.00000000000000000	0.20516622960054223	0.05725144329020913	0.01440600304525200	0.00000000000000000	0.00000000000000000	0.65682165259283842	0.06076655776943134	0.00000000000000000	0.00000000000000000	0.06480442165668000	1.02735939288677258
IMMU-BC3-0165	0.00000000000000000	0.00000000000000000	0.16824211619064261	0.14708149578824720	0.00000000000000000	0.00000000000000000	0.00000000000000000	0.64370468652042223	0.04097170150068789	0.00000000000000000	0.00000000000000000	0.10677948867298685	1.01732187014665199
IMMU-BC3-0168	0.01288797166847389	0.00000000000000000	0.44287809387271848	0.00000000000000000	0.01784657222005677	0.00000000000000000	0.00000000000000000	0.45120128093570089	0.07518608130305007	0.00000000000000000	0.00000000000000000	0.02307345060591979	1.02704332592886849
IMMU-BC3-0171	0.00000000000000000	0.00000000000000000	0.30264468769304587	0.02728950619294003	0.00000000000000000	0.00000000000000000	0.00000000000000000	0.48836973410133522	0.18169607201267893	0.00000000000000000	0.00000000000000000	0.03523353764361597	1.02661037805833710
IMMU-BC3-0177	0.00000000000000000	0.00000000000000000	0.55498950563017602	0.04866052685925299	0.00000000000000000	0.00000000000000000	0.00000000000000000	0.39634996751057106	0.00000000000000000	0.00000000000000000	0.00000000000000000	0.02129329109386688	1.02871317295172138
IMMU-BC3-0181	0.00000000000000000	0.00000000000000000	0.05314206641142228	0.00000000000000000	0.04441096420506557	0.00000000000000000	0.00000000000000000	0.58873657350947306	0.31371039587403904	0.00000000000000000	0.00000000000000000	0.01985789958569601	1.04440926107688403
IMMU-BC3-0187	0.00000000000000000	0.00000000000000000	0.18270662275594937	0.00000000000000000	0.00000000000000000	0.00000000000000000	0.00000000000000000	0.69977961788878240	0.11751375935526827	0.00000000000000000	0.00000000000000000	0.02050159212404550	1.04429228246380590
IMMU-BC3-0188	0.02123921271347074	0.00000000000000000	0.19657026785958667	0.13886421829326495	0.00145473210022210	0.00000000000000000	0.00000000000000000	0.60781007461847059	0.03406149441498494	0.00000000000000000	0.00000000000000000	0.05102903036752528	1.03166956972100698
IMMU-BC3-0189	0.00000000000000000	0.00000000000000000	0.23045765781586905	0.00000000000000000	0.01032034672345524	0.00000000000000000	0.00000000000000000	0.70142126000474947	0.05780073545592625	0.00000000000000000	0.00000000000000000	0.03346889530513790	1.03897680682764193
IMMU-BC3-0190	0.00291382993595342	0.00000000000000000	0.14286311447075545	0.00000000000000000	0.00862746698601971	0.00000000000000000	0.00000000000000000	0.77965536574191807	0.02719235263065756	0.03874787023469577	0.00000000000000000	0.03609422165867544	1.04506537634916019
IMMU-BC3-0198	0.00086625145299649	0.00000000000000000	0.09087859498312023	0.00000000000000000	0.05002863700733481	0.00000000000000000	0.00000000000000000	0.75879826713969467	0.09942824941685373	0.00000000000000000	0.00000000000000000	0.07964655771825885	1.03114530074601363
IMMU-BC3-0199	0.00000000000000000	0.00000000000000000	0.28225303048895373	0.27061993269851875	0.00000000000000000	0.00000000000000000	0.00000000000000000	0.44712703681252741	0.00000000000000000	0.00000000000000000	0.00000000000000000	0.02203764945161302	1.04462728944060657
IMMU-BC3-0200	0.01218887851542212	0.00000000000000000	0.08671035442637948	0.00000000000000000	0.00000000000000000	0.00000000000000000	0.00000000000000000	0.87215829490384811	0.02894247215435028	0.00000000000000000	0.00000000000000000	0.03572805962125269	1.05550934666401153
IMMU-BC3-0204	0.00000000000000000	0.00000000000000000	0.34696737021274421	0.10670384311355179	0.00000000000000000	0.00000000000000000	0.00000000000000000	0.51453726063061112	0.03179152604309293	0.00000000000000000	0.00000000000000000	0.06885308459932192	1.01996013149261722
IMMU-BC3-0212	0.00000000000000000	0.00000000000000000	0.02332697228949213	0.00000000000000000	0.00000000000000000	0.00000000000000000	0.00000000000000000	0.92141305026544973	0.05525997744505818	0.00000000000000000	0.00000000000000000	0.02135356444103327	1.06839000762721081
IMMU-BC3-0220	0.00000000000000000	0.00000000000000000	0.11563671581300554	0.00000000000000000	0.00000000000000000	0.00000000000000000	0.00000000000000000	0.82955245467845840	0.05481082950853609	0.00000000000000000	0.00000000000000000	0.08720430702642448	1.03330604111512936
IMMU-BC3-0221	0.00000000000000000	0.00000000000000000	0.08487113970504015	0.00000000000000000	0.00000000000000000	0.00000000000000000	0.00000000000000000	0.81751177654795304	0.09761708374700677	0.00000000000000000	0.00000000000000000	0.07424153453701680	1.03805280812763057
IMMU-BC3-0222	0.00000000000000000	0.00000000000000000	0.00000000000000000	0.04591960632372007	0.00000000000000000	0.00236773272196254	0.00000000000000000	0.85918514045005556	0.09252752050426173	0.00000000000000000	0.00000000000000000	0.07113936380282077	1.04516003613492736
IMMU-BC3-0230	0.00000000000000000	0.00000000000000000	0.00000000000000000	0.00000000000000000	0.02882126484547979	0.02935144408309416	0.00000000000000000	0.86847597348639161	0.07335131758503433	0.00000000000000000	0.00000000000000000	0.04062629069164434	1.05764148905664546
IMMU-BC3-0233	0.00000000000000000	0.00000000000000000	0.09221280401946425	0.00000000000000000	0.00000000000000000	0.00000000000000000	0.00000000000000000	0.90056405104872450	0.00722314493181114	0.00000000000000000	0.00000000000000000	0.03884934887637505	1.05715962819663223
IMMU-BC3-0234	0.00000000000000000	0.00000000000000000	0.11843917551239332	0.00000000000000000	0.00000000000000000	0.00505602315177914	0.00000000000000000	0.68028174633323801	0.19622305500258949	0.00000000000000000	0.00000000000000000	0.02234981911015319	1.04510556449875525
IMMU-BC3-0235	0.00000000000000000	0.00000000000000000	0.11865332753743491	0.00000000000000000	0.00000000000000000	0.00000000000000000	0.00000000000000000	0.80143577712576297	0.07991089533680217	0.00000000000000000	0.00000000000000000	0.03006440566816039	1.05074363752297639
IMMU-BC3-0238	0.00000000000000000	0.00000000000000000	0.00000000000000000	0.00000000000000000	0.00000000000000000	0.00000000000000000	0.00000000000000000	0.73930533167341095	0.26069466832658894	0.00000000000000000	0.00000000000000000	0.03416170303767608	1.05183720012379012
IMMU-BC3-0239	0.00000000000000000	0.00000000000000000	0.09931742643668508	0.06428924653388673	0.00000000000000000	0.00000000000000000	0.00000000000000000	0.73471616405351192	0.10167716297591634	0.00000000000000000	0.00000000000000000	0.07038819152093988	1.03324627560609716
IMMU-BC3-0240	0.00000000000000000	0.00000000000000000	0.14179995196563386	0.06325742423375845	0.00000000000000000	0.00000000000000000	0.00000000000000000	0.73744803964926964	0.05749458415133808	0.00000000000000000	0.00000000000000000	0.07398983044787291	1.03091058643781297
IMMU-BC3-0241	0.00000000000000000	0.00000000000000000	0.09300557976528503	0.00000000000000000	0.08155665819785389	0.00000000000000000	0.00000000000000000	0.82543776203686103	0.00000000000000000	0.00000000000000000	0.00000000000000000	0.03170724806073767	1.05203631063102510
IMMU-BC3-0251	0.00000000000000000	0.00000000000000000	0.23775563143614958	0.00000000000000000	0.00034452630621791	0.00000000000000000	0.00000000000000000	0.68949263199655864	0.07240721026107386	0.00000000000000000	0.00000000000000000	0.01463342872800267	1.04386374879752442
IMMU-BC3-0251	0.00000000000000000	0.00000000000000000	0.03237924883388157	0.00656243585716098	0.00000000000000000	0.00000000000000000	0.00000000000000000	0.89893930887717544	0.04773509090143461	0.01438391553034742	0.00000000000000000	0.10044422670250064	1.03591176902731408
IMMU-BC3-0255	0.00442176363184934	0.00000000000000000	0.24262449294670940	0.07199035271554886	0.00000000000000000	0.00000000000000000	0.00000000000000000	0.64131171082907290	0.03965167987681954	0.00000000000000000	0.00000000000000000	0.03122799486819329	1.03625435621009587
IMMU-BC3-0256	0.00000000000000000	0.00000000000000000	0.02068893782884594	0.00000000000000000	0.00000000000000000	0.00000000000000000	0.00000000000000000	0.77744690450054355	0.20186415767061044	0.00000000000000000	0.00000000000000000	0.06254940825877182	1.04271718049819362
IMMU-BC3-0262	0.00000000000000000	0.00000000000000000	0.06267098216350676	0.00000000000000000	0.00000000000000000	0.00000000000000000	0.00000000000000000	0.84260094445242562	0.09472807338406772	0.00000000000000000	0.00000000000000000	0.05299973052254593	1.04827000685092631
IMMU-BC3-0263	0.00000000000000000	0.00000000000000000	0.04555673800550682	0.00000000000000000	0.01106843973448487	0.00000000000000000	0.00000000000000000	0.81146356089388927	0.13191126136611908	0.00000000000000000	0.00000000000000000	0.01656898287989814	1.05913152887780937
IMMU-BC3-0263	0.00000000000000000	0.00000000000000000	0.00627022402124378	0.00000000000000000	0.00000000000000000	0.00000000000000000	0.08655241198062683	0.76775522090888038	0.11876444672055922	0.02065769636868985	0.00000000000000000	0.06135463662006527	1.04002273647350552
IMMU-BC3-0267	0.00000000000000000	0.00000000000000000	0.00000000000000000	0.00000000000000000	0.00000000000000000	0.00000000000000000	0.00000000000000000	0.73876043464431806	0.26123956535568194	0.00000000000000000	0.00000000000000000	0.04616086339213406	1.04766779221545669
IMMU-BC3-0269	0.00000000000000000	0.00000000000000000	0.00000000000000000	0.00000000000000000	0.00000000000000000	0.00000000000000000	0.00000000000000000	0.87653061206196303	0.12346938793803697	0.00000000000000000	0.00000000000000000	0.08312599125213037	1.04275317209493368
IMMU-BC3-0272	0.00298447031954788	0.00000000000000000	0.11137633212486726	0.10191838643025458	0.00000000000000000	0.00000000000000000	0.00000000000000000	0.70815646202108973	0.07556434910424061	0.00000000000000000	0.00000000000000000	0.04267226319344079	1.04082620099976819
IMMU-BC3-0273	0.00000000000000000	0.00000000000000000	0.03911338495598682	0.00000000000000000	0.00000000000000000	0.00000000000000000	0.00000000000000000	0.79834423009137934	0.16254238495263373	0.00000000000000000	0.00000000000000000	0.02882122152034176	1.05471377215306417
IMMU-BC3-0274	0.00000000000000000	0.00000000000000000	0.11631961420547685	0.11129473089068087	0.00000000000000000	0.00000000000000000	0.00000000000000000	0.77238565490384226	0.00000000000000000	0.00000000000000000	0.00000000000000000	0.06069715727228710	1.03945109934934221
IMMU-BC3-0275	0.00000000000000000	0.00000000000000000	0.11236431224629798	0.00000000000000000	0.00000000000000000	0.00000000000000000	0.00000000000000000	0.85395736629477481	0.03367832145892719	0.00000000000000000	0.00000000000000000	0.01048348896934050	1.06217173775157803
IMMU-BC3-0275	0.00000000000000000	0.00000000000000000	0.00000000000000000	0.00000000000000000	0.00000000000000000	0.10735122228080149	0.00000000000000000	0.75156615555464845	0.14108262216455006	0.00000000000000000	0.00000000000000000	0.01868976001622163	1.08064473848626541
IMMU-BC3-0276	0.00000000000000000	0.00000000000000000	0.07138679765746105	0.08733358524743921	0.00000000000000000	0.00000000000000000	0.00000000000000000	0.83043846918003394	0.01084114791506575	0.00000000000000000	0.00000000000000000	0.03707565010263742	1.05264757400993703
IMMU-BC3-0278	0.00000000000000000	0.00000000000000000	0.00000000000000000	0.09184480542636927	0.00000000000000000	0.03773258084290686	0.00000000000000000	0.58491829026494846	0.28550432346577542	0.00000000000000000	0.00000000000000000	0.01327585442151752	1.05190085654693588
IMMU-BC3-0281	0.00000000000000000	0.00000000000000000	0.06817818505909723	0.00000000000000000	0.00000000000000000	0.00000000000000000	0.00000000000000000	0.92071492246756559	0.01110689247333719	0.00000000000000000	0.00000000000000000	0.04745245618524879	1.05672372697285200
IMMU-BC3-0281	0.00000000000000000	0.00000000000000000	0.25320866510664780	0.00000000000000000	0.04660835388775217	0.00000000000000000	0.00000000000000000	0.68575170923204043	0.01443127177355955	0.00000000000000000	0.00000000000000000	0.03361881772183487	1.03738349145088926
IMMU-BC3-0286	0.00497186838910826	0.00000000000000000	0.26375671209504814	0.14711490803145003	0.00000000000000000	0.00000000000000000	0.00000000000000000	0.55297739565778325	0.03117911582661029	0.00000000000000000	0.00000000000000000	0.01905241747851875	1.03808502975066874
IMMU-BC3-0291	0.00132687170943384	0.00000000000000000	0.33976676205057121	0.05811087801211728	0.04640515530013217	0.00000000000000000	0.00000000000000000	0.46211349465494583	0.09227683827279960	0.00000000000000000	0.00000000000000000	0.05022245238047889	1.02169958363239122
IMMU-BC3-0296	0.00000000000000000	0.01904840543253189	0.00000000000000000	0.00000000000000000	0.00000000000000000	0.00000000000000000	0.00000000000000000	0.67526739171860806	0.04078266023615956	0.26490154261270060	0.00000000000000000	0.03015571663349267	1.05520318009297887
IMMU-BC3-0299	0.00000000000000000	0.00000000000000000	0.09256019283888495	0.00000000000000000	0.00000000000000000	0.00000000000000000	0.00000000000000000	0.82300732270726429	0.08443248445385075	0.00000000000000000	0.00000000000000000	0.05730673989480443	1.04405103068843674
IMMU-BC3-0307	0.00000000000000000	0.00000000000000000	0.10786252329807254	0.01010136731732425	0.00000000000000000	0.00033370237100581	0.00000000000000000	0.79331320773758973	0.08838919927600776	0.00000000000000000	0.00000000000000000	0.09475899878560048	1.02838465261798206
IMMU-BC3-0315	0.00000000000000000	0.00000000000000000	0.18380034116030741	0.00000000000000000	0.00000000000000000	0.00000000000000000	0.00000000000000000	0.76507061125126719	0.05112904758842542	0.00000000000000000	0.00000000000000000	0.03996981916123711	1.04265737192794372
IMMU-BC3-0321	0.00000000000000000	0.00000000000000000	0.00000000000000000	0.00000000000000000	0.00000000000000000	0.00000000000000000	0.00000000000000000	0.82619124191275894	0.13261528344320764	0.04119347464403343	0.00000000000000000	0.06567757897109698	1.04440684004602602
IMMU-BC3-0322	0.00000000000000000	0.00000000000000000	0.06887002237981631	0.00000000000000000	0.00000000000000000	0.00000000000000000	0.00000000000000000	0.83315519998685406	0.09797477763332968	0.00000000000000000	0.00000000000000000	0.07378722450385994	1.03993761448436972
IMMU-BC3-0325	0.00000000000000000	0.00000000000000000	0.05068483591183112	0.00000000000000000	0.00000000000000000	0.00000000000000000	0.00000000000000000	0.82484457547839074	0.12447058860977819	0.00000000000000000	0.00000000000000000	0.01386313978416012	1.06123378847510064
IMMU-BC3-0332	0.00018261087584529	0.00000000000000000	0.20394124895205903	0.00000000000000000	0.00000000000000000	0.00000000000000000	0.00000000000000000	0.74352872546080040	0.05234741471129530	0.00000000000000000	0.00000000000000000	0.02757473194940072	1.04452529280254147
IMMU-BC3-0338	0.00000000000000000	0.00000000000000000	0.32130624815998721	0.00000000000000000	0.00000000000000000	0.00000000000000000	0.00000000000000000	0.64369061807503081	0.03500313376498188	0.00000000000000000	0.00000000000000000	0.01662804142979389	1.03901572589655289
IMMU-BC3-0341	0.00000000000000000	0.00000000000000000	0.06540990155963328	0.08405597239409814	0.05803318287272343	0.00000000000000000	0.00000000000000000	0.76879785993029615	0.02370308324324898	0.00000000000000000	0.00000000000000000	0.06583656683358141	1.03790066552578009
IMMU-BC3-0352	0.00000000000000000	0.00000000000000000	0.13534782661684913	0.00000000000000000	0.00000000000000000	0.00000000000000000	0.00000000000000000	0.75773524880286025	0.10691692458029066	0.00000000000000000	0.00000000000000000	0.05196505778484803	1.03970007700329781
IMMU-BC3-0357	0.02314223512403369	0.00154349076328208	0.00218524321201268	0.00000000000000000	0.00533564615473476	0.00000000000000000	0.00000000000000000	0.90464873155432313	0.06314465319161357	0.00000000000000000	0.00000000000000000	0.06341556512753919	1.05126716228145511
IMMU-BC3-0361	0.00000000000000000	0.00000000000000000	0.00000000000000000	0.06835669866386004	0.04245038383837182	0.00000000000000000	0.00000000000000000	0.83444505813988756	0.05474785935788065	0.00000000000000000	0.00000000000000000	0.04368279366249783	1.05256941242795032
IMMU-BC3-0376	0.00000000000000000	0.00000000000000000	0.02388210495095259	0.04612919595251926	0.00000000000000000	0.00000000000000000	0.00000000000000000	0.90571716375545075	0.00390690986978602	0.02036462547129140	0.00000000000000000	0.06109814012686057	1.05109165328617338
IMMU-BC3-0381	0.01318557435002211	0.00000000000000000	0.42745473676451234	0.13116657127424655	0.00000000000000000	0.00000000000000000	0.00000000000000000	0.40527663972709799	0.02291647788412113	0.00000000000000000	0.00000000000000000	0.03347367275239460	1.02736507709531399
IMMU-BC3-0382	0.00000000000000000	0.00000000000000000	0.22243257269831573	0.00000000000000000	0.00000000000000000	0.00000000000000000	0.00000000000000000	0.53845176755608526	0.23911565974559887	0.00000000000000000	0.00000000000000000	0.02819112904580875	1.03281213475347933
IMMU-BC3-0389	0.00000000000000000	0.00000000000000000	0.04524744047625779	0.00000000000000000	0.02355890067628356	0.00000000000000000	0.00000000000000000	0.91402793588267683	0.01716572296478187	0.00000000000000000	0.00000000000000000	0.02389642269398688	1.06516125026688102
IMMU-BC3-0390	0.00000000000000000	0.00000000000000000	0.11736826055168348	0.00000000000000000	0.04155142726033554	0.00000000000000000	0.00000000000000000	0.84108031218798096	0.00000000000000000	0.00000000000000000	0.00000000000000000	0.00865202816046026	1.06080257710212678
IMMU-BC3-0393	0.00000000000000000	0.00000000000000000	0.05509383283936584	0.05904889401234271	0.00000000000000000	0.00000000000000000	0.00000000000000000	0.86805024017086474	0.00000000000000000	0.01780703297742666	0.00000000000000000	0.05895416750835308	1.04764735302914813
IMMU-BC3-0412	0.00000000000000000	0.00000000000000000	0.17254079560803687	0.00000000000000000	0.00000000000000000	0.00000000000000000	0.00000000000000000	0.80059107642041016	0.02686812797155289	0.00000000000000000	0.00000000000000000	0.02567941397075911	1.05045478977730733
IMMU-BC3-0413	0.00000000000000000	0.00000000000000000	0.00593468895335152	0.00000000000000000	0.02978636417713739	0.00000000000000000	0.00000000000000000	0.92295420173521381	0.04132474513429729	0.00000000000000000	0.00000000000000000	0.01278429536518296	1.07175371872721237
IMMU-BC3-0415	0.00000000000000000	0.00000000000000000	0.03231304976076098	0.00000000000000000	0.00000000000000000	0.00000000000000000	0.00000000000000000	0.91848764957355145	0.04919930066568762	0.00000000000000000	0.00000000000000000	0.01908070857051293	1.06852177925514824
IMMU-BC3-0421	0.01769715128970537	0.00000000000000000	0.39355830058129987	0.00000000000000000	0.00000000000000000	0.00000000000000000	0.00000000000000000	0.52238131483892769	0.06636323329006724	0.00000000000000000	0.00000000000000000	-0.00277283274977393	1.03661669871631656
IMMU-BC3-0423	0.00000000000000000	0.00000000000000000	0.25604166401940015	0.00000000000000000	0.00000000000000000	0.00000000000000000	0.00000000000000000	0.71719856868380960	0.02675976729679018	0.00000000000000000	0.00000000000000000	0.03209633534499923	1.04021782918400851
IMMU-BC3-0428	0.00000000000000000	0.00000000000000000	0.21178175743081390	0.00000000000000000	0.00000000000000000	0.00000000000000000	0.00000000000000000	0.70142288592885405	0.08679535664033214	0.00000000000000000	0.00000000000000000	0.03544299509023417	1.03894124554534639
IMMU-BC3-0428	0.00000000000000000	0.00000000000000000	0.00000000000000000	0.00000000000000000	0.00000000000000000	0.00129436605849380	0.00000000000000000	0.89790532247788535	0.10075921423653457	0.00004109722708630	0.00000000000000000	0.08742122006963900	1.04263089845928336
IMMU-BC3-0431	0.00000000000000000	0.00000000000000000	0.37845518150184809	0.00000000000000000	0.00000000000000000	0.00000000000000000	0.00000000000000000	0.58355615012591433	0.03798866837223754	0.00000000000000000	0.00000000000000000	0.01432499277528464	1.03570761663805389
IMMU-BC3-0537	0.00000000000000000	0.00000000000000000	0.21071433314468563	0.00000000000000000	0.01511082550308194	0.00000000000000000	0.00000000000000000	0.74181313283840977	0.03236170851382260	0.00000000000000000	0.00000000000000000	0.05115688559874316	1.03659938478538849
IMMU-BC3-0542	0.00000000000000000	0.00000000000000000	0.04041515048255074	0.03209267532795642	0.00000000000000000	0.00000000000000000	0.00000000000000000	0.87976669165004839	0.04772548253944445	0.00000000000000000	0.00000000000000000	0.07695989311738090	1.04298927525014151
IMMU-BC3-0543	0.00565723782323195	0.00000000000000000	0.14232132804285846	0.00000000000000000	0.09881243481057561	0.00000000000000000	0.00000000000000000	0.75320899932333407	0.00000000000000000	0.00000000000000000	0.00000000000000000	0.01626824964096254	1.04979469820972859
IMMU-BC3-0545	0.00229409823821137	0.00000000000000000	0.02683288175693396	0.11246494979969003	0.00000000000000000	0.00000000000000000	0.00000000000000000	0.85840807020516463	0.00000000000000000	0.00000000000000000	0.00000000000000000	0.07457882469416528	1.04358588242937089
IMMU-BC3-0547	0.01264610228590002	0.00000000000000000	0.07171119171702976	0.00000000000000000	0.00000000000000000	0.00000000000000000	0.00000000000000000	0.84969222888609297	0.01582623534713631	0.05012424176384098	0.00000000000000000	0.05345366595790580	1.04690708107525898
IMMU-BC3-0759	0.01084383646566811	0.00000000000000000	0.11953717766676124	0.07723386248298290	0.11012614005465139	0.00000000000000000	0.00000000000000000	0.63558166673485239	0.04667731659508395	0.00000000000000000	0.00000000000000000	0.05371334846549290	1.03224495520481185
IMMU-BC3-0760	0.00173727501956143	0.00000000000000000	0.36387040285674938	0.00000000000000000	0.01338175362968743	0.00000000000000000	0.00000000000000000	0.62101056849400171	0.00000000000000000	0.00000000000000000	0.00000000000000000	0.04503429822468358	1.02937296910886822
IMMU-BC3-0761	0.00000000000000000	0.00000000000000000	0.15310021667029602	0.00000000000000000	0.00000000000000000	0.00000000000000000	0.00000000000000000	0.80093046325598005	0.04596932007372394	0.00000000000000000	0.00000000000000000	0.04191280909535022	1.04558840492912752
IMMU-BC3-0774	0.00000000000000000	0.00000000000000000	0.42969403208162049	0.00000000000000000	0.00995528910096152	0.00000000000000000	0.00000000000000000	0.46344761105600102	0.09690306776141702	0.00000000000000000	0.00000000000000000	-0.00236070062967308	1.03401177408421985
IMMU-BC3-0787	0.00344036125135110	0.00000000000000000	0.00000000000000000	0.00000000000000000	0.01055353469934726	0.00000000000000000	0.00000000000000000	0.83313122393445238	0.15287488011484923	0.00000000000000000	0.00000000000000000	0.10090319295058074	1.03281568336654739
IMMU-BC3-0788	0.00000000000000000	0.00000000000000000	0.07738778720581688	0.00000000000000000	0.00000000000000000	0.00000000000000000	0.00000000000000000	0.88427144033156035	0.03834077246262287	0.00000000000000000	0.00000000000000000	0.04492637284561602	1.05398812443809997
IMMU-BC3-0791	0.00081901734949764	0.00000000000000000	0.13121634626970635	0.00000000000000000	0.10295429192088007	0.00000000000000000	0.00000000000000000	0.71152739690829747	0.05348294755161846	0.00000000000000000	0.00000000000000000	0.04407992137705881	1.03820909261290506
IMMU-BC3-0796	0.00000000000000000	0.00000000000000000	0.00151636934862219	0.00000000000000000	0.00000000000000000	0.00000000000000000	0.00000000000000000	0.90323721427271797	0.05457412400061347	0.04067229237804632	0.00000000000000000	0.09511441707118291	1.03911445326771923
IMMU-BC3-0799	0.00034925635151099	0.00000000000000000	0.05956683082502114	0.00000000000000000	0.11656131197590104	0.00000000000000000	0.00000000000000000	0.75499249425731030	0.06853010659025649	0.00000000000000000	0.00000000000000000	0.03701123432154990	1.04570166169348089
IMMU-BC3-0800	0.00000000000000000	0.00000000000000000	0.04454476524932501	0.00345546065767226	0.00000000000000000	0.00000000000000000	0.00000000000000000	0.83318473614891175	0.11017105011922725	0.00864398782486376	0.00000000000000000	0.10736670522728457	1.02856271064005922
IMMU-BC3-0807	0.00000000000000000	0.00000000000000000	0.00000000000000000	0.00000000000000000	0.08975242343220716	0.00000000000000000	0.00000000000000000	0.90786290839005102	0.00238466817774178	0.00000000000000000	0.00000000000000000	0.05573256473495220	1.05378832781274157
IMMU-BC3-0811	0.00078799469596639	0.00000000000000000	0.22325482587160547	0.00000000000000000	0.01794510292772841	0.00000000000000000	0.00000000000000000	0.70006581501579535	0.05794626148890445	0.00000000000000000	0.00000000000000000	0.04456613317777879	1.03551845514468011
IMMU-BC3-0817	0.00000000000000000	0.00000000000000000	0.10283341859309356	0.00000000000000000	0.00000000000000000	0.00000000000000000	0.00000000000000000	0.84088938308042493	0.05627719832648144	0.00000000000000000	0.00000000000000000	0.01428985498988838	1.06001850062102676
IMMU-BC3-0817	0.00000000000000000	0.00000000000000000	0.04066911114217885	0.00000000000000000	0.00000000000000000	0.00000000000000000	0.00000000000000000	0.89556079965861779	0.06377008919920334	0.00000000000000000	0.00000000000000000	0.03061326851261671	1.06173991950849644
IMMU-BC3-0818	0.00000000000000000	0.04670357022753459	0.00000000000000000	0.00000000000000000	0.00000000000000000	0.00000000000000000	0.00000000000000000	0.95275698133191400	0.00053944844055138	0.00000000000000000	0.00000000000000000	0.04906185060532665	1.05995596511134371
IMMU-BC3-0818	0.00000000000000000	0.00597887564307287	0.00000000000000000	0.00000000000000000	0.00000000000000000	0.00000000000000000	0.00000000000000000	0.94806178606015556	0.04595933829677159	0.00000000000000000	0.00000000000000000	0.05419571211913211	1.05926363113010624
IMMU-BC3-0819	0.00049246152469020	0.00000000000000000	0.06027106548956469	0.00000000000000000	0.02654149991295177	0.00000000000000000	0.00000000000000000	0.82283413926427496	0.04242114841818791	0.04743968539033058	0.00000000000000000	0.05130077756421830	1.04569158037055154
IMMU-BC3-0819	0.00000000000000000	0.00000000000000000	0.13186671471676836	0.00000000000000000	0.06291600618791222	0.00000000000000000	0.00000000000000000	0.74393014628660203	0.06128713280871720	0.00000000000000000	0.00000000000000000	0.03884229193359555	1.04213319387702175
IMMU-BC3-0820	0.00000000000000000	0.00000000000000000	0.07692065093472637	0.00000000000000000	0.00000000000000000	0.00000000000000000	0.00000000000000000	0.90459787101775402	0.01848147804751967	0.00000000000000000	0.00000000000000000	0.10422366221254191	1.03388157693607496
IMMU-BC3-0821	0.00000000000000000	0.00000000000000000	0.07581068958548655	0.13012049002369996	0.00000000000000000	0.00000000000000000	0.00000000000000000	0.79406882039081361	0.00000000000000000	0.00000000000000000	0.00000000000000000	0.03891852525278254	1.05037242611639536
IMMU-BC3-0825	0.00000000000000000	0.00000000000000000	0.02327381380054422	0.00000000000000000	0.00000000000000000	0.00266110670442330	0.00000000000000000	0.88487569024984380	0.08918938924518867	0.00000000000000000	0.00000000000000000	0.03500668849599453	1.05993052178682667
IMMU-BC3-0825	0.00000000000000000	0.00000000000000000	0.00993928261929593	0.03043369694282080	0.00000000000000000	0.00607721592626045	0.00000000000000000	0.86486135817980858	0.08868844633181444	0.00000000000000000	0.00000000000000000	0.08341606687354421	1.04061365690113306
IMMU-BC3-0826	0.00376560358341044	0.00000000000000000	0.11978379640614539	0.00000000000000000	0.00000000000000000	0.00000000000000000	0.00000000000000000	0.80390012667804622	0.07255047333239803	0.00000000000000000	0.00000000000000000	0.05496761880848220	1.04231829134274090
IMMU-BC3-0828	0.00000000000000000	0.00000000000000000	0.09151221008447601	0.00000000000000000	0.07349882615235705	0.00000000000000000	0.00000000000000000	0.71851217171058002	0.01326288816433593	0.10321390388825093	0.00000000000000000	0.01902936716375133	1.04727694926510040
IMMU-BC3-0830	0.00000000000000000	0.00000000000000000	0.08051771399033161	0.00000000000000000	0.06467225824490572	0.00000000000000000	0.00000000000000000	0.84158579872715922	0.01322422903760350	0.00000000000000000	0.00000000000000000	0.06604529839110877	1.04185437909933842
IMMU-BC3-0833	0.00000000000000000	0.00000000000000000	0.13118963739504602	0.00000000000000000	0.00945394944499484	0.00000000000000000	0.00000000000000000	0.84826559025391934	0.01109082290603978	0.00000000000000000	0.00000000000000000	0.05943819848082713	1.04386568962004311
IMMU-BC3-0835	0.00000000000000000	0.00000000000000000	0.00000000000000000	0.00000000000000000	0.00000000000000000	0.00000000000000000	0.00000000000000000	0.90960544467442894	0.09039455532557107	0.00000000000000000	0.00000000000000000	0.06096420319707232	1.05362894221987458
IMMU-BC3-0836	0.01731298560541560	0.00000000000000000	0.26391865771766782	0.00000000000000000	0.09183896589071786	0.00000000000000000	0.00000000000000000	0.62692939078619858	0.00000000000000000	0.00000000000000000	0.00000000000000000	0.00475727973050229	1.04200392615012216
IMMU-BC3-0837	0.00000000000000000	0.00000000000000000	0.30647971697521120	0.00000000000000000	0.00000000000000000	0.00000000000000000	0.00000000000000000	0.55407424446441889	0.13944603856036991	0.00000000000000000	0.00000000000000000	0.02024044794745414	1.03311685557684818
IMMU-BC3-0838	0.00000000000000000	0.00000000000000000	0.30802026289090156	0.08876168621302465	0.03902801028515353	0.00000000000000000	0.00000000000000000	0.55123761143765004	0.01295242917327020	0.00000000000000000	0.00000000000000000	0.04622339432758085	1.02755335815897064
IMMU-BC3-0839	0.00000000000000000	0.00000000000000000	0.18576661742642517	0.02225729331562434	0.03262886859308400	0.00000000000000000	0.00000000000000000	0.71754455353775581	0.04180266712711057	0.00000000000000000	0.00000000000000000	0.02508389357422895	1.04339978640568121
IMMU-BC3-0846	0.00000000000000000	0.00000000000000000	0.03811690774038151	0.00000000000000000	0.00000000000000000	0.00000000000000000	0.00000000000000000	0.90002426258760626	0.06185882967201225	0.00000000000000000	0.00000000000000000	0.05621825990990957	1.05280752141366851
IMMU-BC3-0848	0.00000000000000000	0.00000000000000000	0.09243467549362494	0.05201073057672265	0.03249522391164662	0.00000000000000000	0.00000000000000000	0.82305937001800578	0.00000000000000000	0.00000000000000000	0.00000000000000000	0.03797859659778264	1.05013129132835070
IMMU-BC3-0849	0.00030733404404987	0.00000000000000000	0.09094346067888547	0.00000000000000000	0.00000000000000000	0.00000000000000000	0.00000000000000000	0.87399426242845069	0.03475494284861393	0.00000000000000000	0.00000000000000000	0.07998073678987422	1.03996035871121562
IMMU-BC3-0850	0.00040206906998513	0.00000000000000000	0.16000379484295973	0.00000000000000000	0.01176283977121995	0.00000000000000000	0.00000000000000000	0.73521379627152195	0.09261750004431313	0.00000000000000000	0.00000000000000000	0.06774894523838094	1.03207281085900093
IMMU-BC3-0851	0.00000000000000000	0.00000000000000000	0.05081534274889671	0.07112681131024028	0.00000000000000000	0.00000000000000000	0.00000000000000000	0.71596269994912143	0.04128818236480534	0.12080696362693624	0.00000000000000000	0.02563828944533108	1.04792246994474048
IMMU-BC3-0858	0.00000000000000000	0.00000000000000000	0.05550149511588257	0.00000000000000000	0.02055854371150396	0.00000000000000000	0.00000000000000000	0.91325635876158495	0.01068360241102839	0.00000000000000000	0.00000000000000000	0.06191705736911277	1.05070665283201259
IMMU-BC3-0873	0.00000000000000000	0.00000000000000000	0.02374449895744965	0.00000000000000000	0.00000000000000000	0.00000000000000000	0.00000000000000000	0.83876282049414475	0.07007137598640516	0.06742130456200043	0.00000000000000000	0.06086314778069280	1.04559494909611517
IMMU-BC3-0893	0.00000000000000000	0.00000000000000000	0.09735458830455201	0.00000000000000000	0.00000000000000000	0.00000000000000000	0.00000000000000000	0.86431857735797857	0.03832683433746940	0.00000000000000000	0.00000000000000000	0.06915745346184331	1.04289146463294236
IMMU-BC3-0903	0.00000000000000000	0.00000000000000000	0.15547345644109736	0.00000000000000000	0.00000000000000000	0.00000000000000000	0.00000000000000000	0.82148306428923790	0.02304347926966482	0.00000000000000000	0.00000000000000000	0.04064950940501792	1.04762168026610514
IMMU-BC3-0904	0.00317113146813804	0.00000000000000000	0.28598026819801525	0.18303713794035389	0.03280413217913258	0.00000000000000000	0.00000000000000000	0.48554326230079436	0.00946406791356580	0.00000000000000000	0.00000000000000000	0.03679166713049695	1.03320936477130854
IMMU-BC3-0912	0.00536298896747741	0.00000000000000000	0.08769101212356921	0.00000000000000000	0.00000000000000000	0.00000000000000000	0.00000000000000000	0.84450122508778525	0.06244477382116816	0.00000000000000000	0.00000000000000000	0.06027738352811848	1.04463349107705517
IMMU-BC3-0916	0.00000000000000000	0.00000000000000000	0.19060228450470576	0.00000000000000000	0.05158928710925663	0.00000000000000000	0.00000000000000000	0.69416918051140941	0.06363924787462819	0.00000000000000000	0.00000000000000000	0.02247231268181429	1.04231997187302317
IMMU-BC3-0923	0.00068272880646912	0.00000000000000000	0.06474638483641368	0.00000000000000000	0.00000000000000000	0.00000000000000000	0.00000000000000000	0.92428449865000606	0.01028638770711116	0.00000000000000000	0.00000000000000000	0.07595506687802703	1.04648703996169790
IMMU-BC3-0929	0.00000000000000000	0.00000000000000000	0.14362104726182565	0.00000000000000000	0.00000000000000000	0.00000000000000000	0.00000000000000000	0.84490477226200811	0.01147418047616613	0.00000000000000000	0.00000000000000000	0.08128188086047744	1.03577842902964012
IMMU-BC3-0935	0.00000000000000000	0.00000000000000000	0.00000000000000000	0.09280119127323486	0.00000000000000000	0.00000000000000000	0.00000000000000000	0.90719880872676506	0.00000000000000000	0.00000000000000000	0.00000000000000000	0.07102624115555035	1.04944807197512557
IMMU-BC3-0937	0.00000000000000000	0.00000000000000000	0.21826666567623346	0.00000000000000000	0.00000000000000000	0.00000000000000000	0.00000000000000000	0.37645567234588723	0.03135559612316939	0.37392206585471000	0.00000000000000000	0.02752264981435173	1.05149785218318970
IMMU-BC3-0938	0.00000000000000000	0.00000000000000000	0.04332575039482737	0.00000000000000000	0.00000000000000000	0.00000000000000000	0.00000000000000000	0.95667424960517267	0.00000000000000000	0.00000000000000000	0.00000000000000000	0.10164208688825954	1.04018939678393596
IMMU-BC3-0944	0.00000000000000000	0.00000000000000000	0.09928542316545792	0.10254887614757910	0.00000000000000000	0.00000000000000000	0.00000000000000000	0.74810190151166167	0.05006379917530134	0.00000000000000000	0.00000000000000000	0.04950910141752034	1.04169083034512289
IMMU-BC3-1001	0.00000000000000000	0.00000000000000000	0.00000000000000000	0.00000000000000000	0.00150421209029536	0.00000000000000000	0.00000000000000000	0.96284667461518081	0.03564911329452385	0.00000000000000000	0.00000000000000000	0.01009251369154447	1.07791929013196564
IMMU-BC3-1033	0.00000000000000000	0.00000000000000000	0.28811133201092060	0.00000000000000000	0.02800517618903668	0.00000000000000000	0.00000000000000000	0.63258046880901986	0.05130302299102280	0.00000000000000000	0.00000000000000000	0.00671100450375966	1.04125796157782835
IMMU-BC3-1063	0.00000000000000000	0.00000000000000000	0.30845448206182213	0.00000000000000000	0.00000000000000000	0.00000000000000000	0.00000000000000000	0.69154551793817787	0.00000000000000000	0.00000000000000000	0.00000000000000000	0.04033627010337767	1.03542398867072127
