Mixture	Malignant	Endothelial cells	CAF	T cells CD8	NK cells	Macrophages	T cells CD4	B cells	P-value	Correlation	RMSE
IMMU-BC3-0099	0.13185386406008917	0.01623984462235483	0.74825232491527005	0.00000000000000000	0.00000000000000000	0.06129445006084871	0.03321044956485081	0.00914906677658641	0.00000000000000000	0.09570821196099068	1.08340355235993213
IMMU-BC3-0101	0.00000000000000000	0.00476750590782806	0.52028925572929874	0.00000000000000000	0.00399036768645188	0.07938633506780689	0.18855287203258753	0.20301366357602693	0.00000000000000000	0.01900279553110633	1.11724852201479119
IMMU-BC3-0109	0.00000000000000000	0.00013965915880278	0.37913109807712636	0.00000000000000000	0.00000000000000000	0.33367612985451400	0.26862866797163260	0.01842444493792431	0.00000000000000000	0.06296494932846519	1.22987381582682276
IMMU-BC3-0111	0.21313874774434774	0.00299684396703809	0.66275112333742459	0.00000000000000000	0.00000000000000000	0.07795629199723718	0.04315699295395251	0.00000000000000000	0.00000000000000000	0.05709763977663004	1.08852131702446253
IMMU-BC3-0113	0.00000000000000000	0.00000000000000000	0.75482637404104558	0.07852999430800403	0.00000000000000000	0.09378597775047805	0.00000000000000000	0.07285765390047223	0.00000000000000000	0.06798254379809893	1.11423023152461798
IMMU-BC3-0119	0.15375145945338281	0.04418770222159764	0.63014167680777788	0.00000000000000000	0.00000000000000000	0.06876278250000829	0.04179100350544440	0.06136537551178898	0.00000000000000000	0.04692086552677534	1.08907886223925332
IMMU-BC3-0124	0.11016248036430608	0.01315819586776136	0.67744597429517939	0.00000000000000000	0.00000000000000000	0.06865110527368852	0.09146399151844306	0.03911825268062163	0.00000000000000000	0.08987510818978915	1.07440672659263514
IMMU-BC3-0126	0.00000000000000000	0.00000000000000000	0.54530639692599259	0.00000000000000000	0.00155891926457704	0.18215072985931197	0.26259934279913699	0.00838461115098125	0.00000000000000000	0.06645020998764438	1.10947292801153163
IMMU-BC3-0138	0.24460357921203613	0.00608252342585307	0.58316193371970493	0.00000000000000000	0.00000000000000000	0.07096204227680807	0.09250384154297293	0.00268607982262485	0.00000000000000000	0.05465409325385606	1.07319516154362948
IMMU-BC3-0139	0.05893699457365719	0.05264370355414130	0.65453383175995861	0.00000000000000000	0.00000000000000000	0.03346167811372541	0.02986808573751619	0.17055570626100131	0.00000000000000000	0.05263478064283540	1.09581146208619362
IMMU-BC3-0147	0.04014888585213802	0.00312687929429120	0.78785417040930839	0.05247066423938306	0.00000000000000000	0.07714034597646961	0.00000000000000000	0.03925905422840968	0.00000000000000000	0.12381114972748117	1.08272820874444564
IMMU-BC3-0152	0.00000000000000000	0.00000000000000000	0.82062073116896528	0.03388791167149204	0.00000000000000000	0.14549135715954262	0.00000000000000000	0.00000000000000000	0.00000000000000000	0.04986784890470636	1.15011481887110945
IMMU-BC3-0154	0.07664341303585974	0.00000000000000000	0.62112982653015747	0.14697342699499935	0.00000000000000000	0.10463705232857724	0.00000000000000000	0.05061628111040624	0.00000000000000000	0.07145684456242710	1.08781935459104351
IMMU-BC3-0154	0.00000000000000000	0.00164822198522052	0.90578410135213117	0.02040073022935471	0.00000000000000000	0.06179830926904911	0.00000000000000000	0.01036863716424442	0.00000000000000000	0.30854407216281604	0.99757764346533462
IMMU-BC3-0155	0.00000000000000000	0.00650004324166959	0.78954266327318123	0.00000000000000000	0.00000000000000000	0.14904685476532417	0.05491043871982497	0.00000000000000000	0.00000000000000000	0.05698865328748551	1.14006913043480451
IMMU-BC3-0165	0.02538500671278441	0.01803809937024400	0.70531800454863536	0.00000000000000000	0.00000000000000000	0.17481998836042906	0.01399637372834569	0.06244252727956155	0.00000000000000000	0.22565133786459188	1.05419377700562955
IMMU-BC3-0168	0.00000000000000000	0.00000000000000000	0.56939265461039368	0.00000000000000000	0.00000000000000000	0.06056336875492412	0.28450311556242586	0.08554086107225642	0.00000000000000000	0.01471505621279627	1.09132786481623767
IMMU-BC3-0171	0.00000000000000000	0.00476376932487271	0.53488802372514510	0.00000000000000000	0.00000000000000000	0.10472772627035931	0.28699501207232264	0.06862546860730014	0.00000000000000000	0.04255627714509858	1.08941783660298142
IMMU-BC3-0177	0.00000000000000000	0.01347966557362601	0.02512696361486915	0.00000000000000000	0.04695305447936332	0.04939143357933325	0.47285632519456511	0.39219255755824306	0.00000000000000000	0.01287970249997880	1.16364727771967513
IMMU-BC3-0181	0.22608919880041087	0.01442226906422631	0.64211720778548975	0.01494119140082799	0.00000000000000000	0.10243013294904507	0.00000000000000000	0.00000000000000000	0.00000000000000000	0.05338028161719780	1.09462807449342048
IMMU-BC3-0187	0.16072184870460937	0.00000000000000000	0.63423185614558009	0.15864346358705370	0.00000000000000000	0.03919828050916323	0.00000000000000000	0.00720455105359353	0.00000000000000000	0.01128138954057732	1.09338616761908547
IMMU-BC3-0188	0.00000000000000000	0.00056289602787227	0.48696216782179091	0.00000000000000000	0.00253024898464213	0.24930142435833935	0.23608603482472887	0.02455722798262646	0.00000000000000000	0.03768567361333778	1.17278493823279484
IMMU-BC3-0189	0.00000000000000000	0.02202682817667916	0.67892566013715272	0.00000000000000000	0.02785503340748248	0.03503971600306747	0.13293855976919955	0.10321420250641852	0.00000000000000000	0.04551688613471163	1.09294933508627379
IMMU-BC3-0190	0.03176981835482589	0.00000000000000000	0.74576412595421882	0.00000000000000000	0.00865105457646491	0.05809320742899710	0.12283596759031716	0.03288582609517619	0.00000000000000000	0.02859944581197442	1.11307751941732813
IMMU-BC3-0198	0.08669097409199140	0.00677203700121839	0.75016323120078698	0.00000000000000000	0.02052264624341721	0.09664399560084347	0.03920711586174253	0.00000000000000000	0.00000000000000000	0.03635726569574444	1.11991991378411848
IMMU-BC3-0199	0.26949047114975405	0.00000000000000000	0.40558679006500237	0.03409224657997989	0.00000000000000000	0.29083049220526386	0.00000000000000000	0.00000000000000000	0.00000000000000000	0.01344649277945046	1.20850291289563172
IMMU-BC3-0200	0.13350194714945232	0.00000000000000000	0.66955508099610328	0.00000000000000000	0.00000000000000000	0.09706666258088545	0.06067946766912010	0.03919684160443884	0.00000000000000000	0.03413793737008430	1.10841106030684400
IMMU-BC3-0204	0.04251389788534568	0.00000000000000000	0.26185479076329216	0.00000000000000000	0.01444519947515515	0.18669662114138735	0.41800988243040599	0.07647960830441367	0.00000000000000000	0.04941386414424483	1.11672606266264451
IMMU-BC3-0212	0.07924503899756344	0.00000000000000000	0.85472929236734496	0.03072841242736785	0.00000000000000000	0.03385262021079880	0.00000000000000000	0.00144463599692485	0.00000000000000000	0.01577900926799325	1.14347129540172898
IMMU-BC3-0220	0.00000000000000000	0.00703110607382651	0.81949106016651674	0.00000000000000000	0.01957374317364856	0.05022621718136981	0.10367787340463827	0.00000000000000000	0.00000000000000000	0.14959158946606310	1.06712350290198454
IMMU-BC3-0221	0.05569530677463608	0.00000000000000000	0.91009367265041308	0.00000000000000000	0.00000000000000000	0.03421102057495094	0.00000000000000000	0.00000000000000000	0.00000000000000000	0.13546157863494221	1.09581670197662051
IMMU-BC3-0222	0.08977062565776847	0.01140109399914370	0.81580463157063887	0.00000000000000000	0.00525347562138901	0.04273240667116483	0.03503776647989499	0.00000000000000000	0.00000000000000000	0.10974097499755864	1.08738046617454676
IMMU-BC3-0230	0.23118334287146086	0.07132127633122574	0.59449674776093298	0.01290335923659326	0.00000000000000000	0.05740850377087231	0.00000000000000000	0.03268677002891477	0.00000000000000000	0.07572670083002951	1.06789548885077812
IMMU-BC3-0233	0.22242041373796875	0.01669104521355630	0.51734065505018667	0.00000000000000000	0.00000000000000000	0.07976993356302599	0.00000000000000000	0.16377795243526230	0.00000000000000000	0.04641220254304397	1.09431486657471311
IMMU-BC3-0234	0.12910659709975075	0.00000000000000000	0.83151912384613424	0.00000000000000000	0.00000000000000000	0.02703567962542496	0.00000000000000000	0.01233859942869006	0.00000000000000000	0.01200992274409302	1.14011531663473620
IMMU-BC3-0235	0.20966809103200520	0.03451256797563683	0.49941382227849546	0.00000000000000000	0.00000000000000000	0.10056509699252716	0.15480967671624590	0.00103074500508928	0.00000000000000000	0.02833851529506031	1.07733953137654548
IMMU-BC3-0238	0.19360362133802411	0.00000000000000000	0.76840135531016962	0.00319518812322451	0.00000000000000000	0.03479983522858178	0.00000000000000000	0.00000000000000000	0.00000000000000000	0.08064750702188586	1.09313904661766914
IMMU-BC3-0239	0.10233642821472320	0.00072181259423546	0.75777353077510468	0.00000000000000000	0.00000000000000000	0.13916822841593671	0.00000000000000000	0.00000000000000000	0.00000000000000000	0.08534656688059462	1.11442765913970732
IMMU-BC3-0240	0.00000000000000000	0.01714934149861391	0.68362615988454989	0.00000000000000000	0.04196755503754278	0.14951725665203466	0.10773968692725880	0.00000000000000000	0.00000000000000000	0.06671988082097541	1.11252673359817167
IMMU-BC3-0241	0.05829997391918599	0.01998861431592925	0.80067157741644401	0.01800779898297274	0.00000000000000000	0.06598713885509704	0.00000000000000000	0.03704489651037084	0.00000000000000000	0.03300871289262538	1.12888356698620229
IMMU-BC3-0251	0.06448306273263571	0.01490387338528292	0.66311014226343012	0.09733309509556930	0.00000000000000000	0.05639290028589268	0.00000000000000000	0.10377692623718927	0.00000000000000000	0.01801378949064582	1.10934734896991660
IMMU-BC3-0251	0.02110758656494646	0.01365037821512160	0.82861986307688695	0.00000000000000000	0.00000000000000000	0.04508311451960949	0.08604021976935239	0.00549883785408320	0.00000000000000000	0.23146351799892073	1.02549545761515026
IMMU-BC3-0255	0.20512076794356685	0.00000000000000000	0.31704967174638998	0.00000000000000000	0.03659633039662442	0.15789257125694670	0.26606449102302843	0.01727616763344371	0.00000000000000000	0.01269872259991600	1.09516839168634461
IMMU-BC3-0256	0.06457329445841423	0.00027923035560864	0.84147648159060828	0.00335045816884614	0.00000000000000000	0.08966186067776602	0.00000000000000000	0.00065867474875668	0.00000000000000000	0.11859823708996413	1.09804079427828083
IMMU-BC3-0262	0.18741601425661031	0.02029617093338810	0.67969173557036855	0.00000000000000000	0.00000000000000000	0.06354807519133018	0.01727828576477303	0.03176971828352972	0.00000000000000000	0.08711944073898638	1.07697664962907291
IMMU-BC3-0263	0.18053083182950880	0.00541741993810637	0.71291492918117738	0.00000000000000000	0.00000000000000000	0.01080139532750581	0.00000000000000000	0.09033542372370158	0.00000000000000000	0.02392093488936344	1.10697814056654886
IMMU-BC3-0263	0.09333524311136936	0.01562913818519636	0.73406908520304492	0.00000000000000000	0.00000000000000000	0.02751571969134935	0.09392835039787849	0.03552246341116153	0.00000000000000000	0.06485859872056139	1.08894758216835630
IMMU-BC3-0267	0.51767979080103799	0.02156407903780305	0.14906099798586336	0.00000000000000000	0.00310851935693368	0.02640669423581294	0.28217991858254898	0.00000000000000000	0.00000000000000000	0.02894699265138470	1.04266337663284281
IMMU-BC3-0269	0.14523368928104333	0.00000000000000000	0.83195575770638663	0.00038755565298405	0.00000000000000000	0.00499664951402776	0.00000000000000000	0.01742634784555830	0.00000000000000000	0.17819983439348019	1.05481857239354926
IMMU-BC3-0272	0.06790351523240011	0.00680175595064436	0.60541594797178144	0.00000000000000000	0.00744871401802125	0.25329143406549343	0.05884773034805152	0.00029090241360803	0.00000000000000000	0.07606400257625826	1.16195882139110651
IMMU-BC3-0273	0.00000000000000000	0.00930494521070645	0.73490479536405173	0.07856543934207369	0.00000000000000000	0.02170845785384978	0.00000000000000000	0.15551636222931825	0.00000000000000000	0.03820435204864202	1.11277062396241910
IMMU-BC3-0274	0.01233631258264730	0.00000000000000000	0.78678177361471591	0.00000000000000000	0.00000000000000000	0.12995989102568645	0.07092202277695035	0.00000000000000000	0.00000000000000000	0.09343018451356783	1.11114127720493405
IMMU-BC3-0275	0.00000000000000000	0.00684097282370625	0.72330014406496712	0.04660550065980262	0.00000000000000000	0.12370806490680852	0.00000000000000000	0.09954531754471545	0.00000000000000000	0.02437600794251962	1.14937185165989009
IMMU-BC3-0275	0.09060606086284598	0.00000000000000000	0.70914672642502230	0.00000000000000000	0.00798680174620421	0.03782010560522119	0.00000000000000000	0.15444030536070644	0.00000000000000000	0.04315811393964458	1.10942147517477951
IMMU-BC3-0276	0.12753532676905152	0.00000000000000000	0.75430180723924356	0.00000000000000000	0.00000000000000000	0.11816286599170504	0.00000000000000000	0.00000000000000000	0.00000000000000000	0.05411853305581875	1.12135124350053084
IMMU-BC3-0278	0.27293977657463625	0.00000000000000000	0.35252306248589943	0.00000000000000000	0.03452762030943397	0.18000956808302759	0.15999997254700282	0.00000000000000000	0.00000000000000000	0.01319867405974353	1.10901400883832824
IMMU-BC3-0281	0.00000000000000000	0.02072689478578178	0.82557365147713280	0.05095056540410199	0.00000000000000000	0.02294712621112652	0.00000000000000000	0.07980176212185690	0.00000000000000000	0.06260626028819985	1.11406044241609892
IMMU-BC3-0281	0.13675693447303483	0.06950735475787163	0.54837577424674999	0.00000000000000000	0.00000000000000000	0.02979046709567825	0.00745963559294958	0.20810983383371570	0.00000000000000000	0.02619838150541817	1.09577872636418827
IMMU-BC3-0286	0.00000000000000000	0.00000000000000000	0.53934452691694990	0.00000000000000000	0.00000000000000000	0.22725120921237732	0.17913497445589230	0.05426928941478056	0.00000000000000000	0.03120000503267697	1.17329823074719752
IMMU-BC3-0291	0.00000000000000000	0.10155979756100550	0.36802196275636501	0.00000000000000000	0.00000000000000000	0.13942948022461052	0.17218388267925525	0.21880487677876362	0.00000000000000000	0.08985026980740596	1.11227511963478443
IMMU-BC3-0296	0.28021927807115765	0.03129351505205353	0.62164403205821239	0.00000000000000000	0.00000000000000000	0.02820583655148881	0.03863733826708757	0.00000000000000000	0.00000000000000000	0.03209239954569482	1.08574553476952440
IMMU-BC3-0299	0.10395154272639151	0.02260100346523533	0.63264079950671648	0.00000000000000000	0.02080524174149458	0.04137442809430353	0.17862698446585853	0.00000000000000000	0.00000000000000000	0.13679466405995802	1.03761763623491032
IMMU-BC3-0307	0.05170324779450552	0.00199775776774321	0.85311013859742146	0.01214037883739525	0.00000000000000000	0.02900653172807045	0.00000000000000000	0.05204194527486412	0.00000000000000000	0.27327382678315032	1.00725970553208355
IMMU-BC3-0315	0.22325089417216848	0.03471212755343705	0.57515668793304098	0.00000000000000000	0.00000000000000000	0.06572324948398635	0.02955058054278300	0.07160646031458436	0.00000000000000000	0.04442157933196230	1.08205800382920292
IMMU-BC3-0321	0.19424581599049823	0.00356237717395798	0.74969370329052187	0.00000000000000000	0.00000000000000000	0.05249810354502191	0.00000000000000000	0.00000000000000000	0.00000000000000000	0.13949763131689616	1.06255962789253289
IMMU-BC3-0322	0.33890906601155052	0.00378535579086676	0.52456691017544765	0.00000000000000000	0.00000000000000000	0.07178960130133369	0.06094906672080135	0.00000000000000000	0.00000000000000000	0.02840976808300957	1.07887109305311357
IMMU-BC3-0325	0.23467953253378243	0.06898464251648616	0.45186745324502708	0.00000000000000000	0.00000000000000000	0.04950238729641473	0.19496598440828963	0.00000000000000000	0.00000000000000000	0.01089065186037297	1.06350676509761954
IMMU-BC3-0332	0.31507341465136679	0.02212655577318240	0.33586583112401985	0.10631114464440145	0.00000000000000000	0.04138073397443445	0.00000000000000000	0.17924231983259495	0.00000000000000000	0.01822200202938137	1.07382540170794627
IMMU-BC3-0338	0.15341998243507698	0.00387082805921918	0.57019441051412567	0.00000000000000000	0.00000000000000000	0.09093945644446796	0.12113036462686912	0.06044495792024100	0.00000000000000000	0.01640578034742220	1.09765029233064793
IMMU-BC3-0341	0.19885607228174484	0.00118704468606723	0.66124594882187604	0.00000000000000000	0.00000000000000000	0.08803975054421224	0.05067118366609979	0.00000000000000000	0.00000000000000000	0.07083644302762561	1.08409898275980421
IMMU-BC3-0352	0.00000000000000000	0.00586836783397954	0.89585925564687363	0.00000000000000000	0.00000000000000000	0.03070219223588175	0.06757018428326513	0.00000000000000000	0.00000000000000000	0.18139849766870600	1.06523496970161924
IMMU-BC3-0357	0.13955022464502143	0.03904809635781673	0.57454580531047383	0.08207817276985369	0.00000000000000000	0.10059767387064437	0.00000000000000000	0.06418002704619002	0.00000000000000000	0.08018039031565237	1.07650379087806147
IMMU-BC3-0361	0.23250979817851869	0.00237632803792724	0.60013855439668096	0.00000000000000000	0.00000000000000000	0.08632588149841085	0.05635406277090416	0.02229537511755799	0.00000000000000000	0.05804669567668871	1.08091362520007928
IMMU-BC3-0376	0.02358134507952724	0.01007778360004002	0.83626779633252679	0.00000000000000000	0.00000000000000000	0.05074011477331603	0.03093254849211461	0.04840041172247525	0.00000000000000000	0.13404779205067718	1.08260621969039761
IMMU-BC3-0381	0.00000000000000000	0.00000000000000000	0.24519149635603416	0.00000000000000000	0.00000000000000000	0.13770896282918402	0.16897446620677589	0.44812507460800594	0.00000000000000000	0.03802024791671942	1.23991069506112517
IMMU-BC3-0382	0.18940272355081000	0.02831370406587687	0.56817278615801581	0.00000000000000000	0.00000000000000000	0.15113442189542323	0.00000000000000000	0.06297636432987401	0.00000000000000000	0.00239164873550467	1.13852861245137693
IMMU-BC3-0389	0.06874219543548318	0.00000000000000000	0.72193316716542755	0.04609042946007189	0.00000000000000000	0.13603924997494418	0.00000000000000000	0.02719495796407333	0.00000000000000000	0.03390135175340526	1.13535810638510348
IMMU-BC3-0390	0.00000000000000000	0.01052043291742795	0.72319823652546855	0.09788325742292805	0.00000000000000000	0.08686123966732430	0.00000000000000000	0.08153683346685126	0.00000000000000000	0.00950960815078822	1.13491520347878594
IMMU-BC3-0393	0.00798437663485032	0.02361773266241622	0.79156265336305298	0.00000000000000000	0.00000000000000000	0.07400520302231015	0.07076996354183268	0.03206007077553779	0.00000000000000000	0.12496477061826473	1.08120104791819149
IMMU-BC3-0412	0.10730705480219384	0.00000000000000000	0.63299210744063328	0.00000000000000000	0.01922579911778442	0.11048496176695725	0.10678230844315412	0.02320776842927699	0.00000000000000000	0.02416199777137587	1.10791192571446029
IMMU-BC3-0413	0.29082483230348488	0.00000000000000000	0.33418438866614336	0.00000000000000000	0.00423353609798439	0.10520007727307649	0.26555716565931070	0.00000000000000000	0.00000000000000000	0.00716673691478304	1.06895523791558156
IMMU-BC3-0415	0.23049395173946002	0.01671408666439175	0.52923815966846055	0.00000000000000000	0.00000000000000000	0.01029696912119226	0.21325683280649529	0.00000000000000000	0.00000000000000000	0.03181921003986908	1.06243210037256297
IMMU-BC3-0421	0.00000000000000000	0.18348519489323725	0.16814935089677122	0.00000000000000000	0.05319545234738456	0.04696421921916734	0.45526880341893478	0.09293697922450475	0.00000000000000000	0.01171008246042686	1.06326352305027405
IMMU-BC3-0423	0.00000000000000000	0.02063985751212682	0.77310979178174200	0.00000000000000000	0.00658814968797098	0.03228834044998978	0.02106940322035352	0.14630445734781689	0.00000000000000000	0.08075231244075319	1.10217005582232686
IMMU-BC3-0428	0.26257642505368223	0.03151694480075337	0.51930258558655096	0.00000000000000000	0.00000000000000000	0.07958166780309855	0.07019988361186803	0.03682249314404681	0.00000000000000000	0.03433906604427388	1.07767559857797046
IMMU-BC3-0428	0.03485175490342361	0.01487125570429150	0.90504463884161424	0.00000000000000000	0.00000000000000000	0.01972060264200328	0.02406150672076050	0.00145024118790700	0.00000000000000000	0.18158117870520543	1.06765574552955411
IMMU-BC3-0431	0.06970755022175945	0.00000000000000000	0.67756860894237758	0.00000000000000000	0.00000000000000000	0.10636696891374518	0.09751265709059817	0.04884421483151963	0.00000000000000000	0.02396777702298343	1.11921984965026278
IMMU-BC3-0537	0.27981127494551356	0.00000000000000000	0.61501112242632539	0.00000000000000000	0.02169664741513125	0.06165698623250483	0.00551657699338585	0.01630739198713912	0.00000000000000000	0.06644736148092127	1.07557829252434889
IMMU-BC3-0542	0.01586072795631538	0.03786726892343403	0.78802395045335349	0.00000000000000000	0.00000000000000000	0.10250900801074195	0.05355013058026739	0.00218891407588775	0.00000000000000000	0.10724515798388168	1.09549611674317826
IMMU-BC3-0543	0.23266847026925946	0.00000000000000000	0.50502020143200721	0.08212991417512845	0.00000000000000000	0.16709145465398645	0.00000000000000000	0.01308995946961854	0.00000000000000000	0.02202945874750322	1.11858066945586665
IMMU-BC3-0545	0.00000000000000000	0.00000000000000000	0.84918383771817896	0.00000000000000000	0.00000000000000000	0.12145133287386745	0.01478878307084870	0.01457604633710484	0.00000000000000000	0.18776368835866358	1.07199904940381074
IMMU-BC3-0547	0.00707071573547554	0.07138629317575959	0.77163551039952638	0.03015102149174755	0.00000000000000000	0.00325172750367029	0.00000000000000000	0.11650473169382072	0.00000000000000000	0.01450241239824079	1.12592663335141596
IMMU-BC3-0759	0.09379771724595620	0.00633665625406436	0.60915500961100022	0.00000000000000000	0.00000000000000000	0.20857392054939708	0.00000000000000000	0.08213669633958226	0.00000000000000000	0.07320327972897316	1.15335844943532972
IMMU-BC3-0760	0.00000000000000000	0.00000000000000000	0.74922933543620496	0.04462279763766786	0.00000000000000000	0.07374783206874649	0.01202540257368350	0.12037463228369721	0.00000000000000000	0.10760876731870750	1.09274673075117290
IMMU-BC3-0761	0.00000000000000000	0.00000000000000000	0.76894699614555762	0.10870723960535934	0.00000000000000000	0.05503647102457714	0.00000000000000000	0.06730929322450589	0.00000000000000000	0.06690514648219820	1.10416881240807330
IMMU-BC3-0774	0.00000000000000000	0.06144943282918722	0.37149356593723737	0.00000000000000000	0.02504538753445779	0.05060170975984082	0.37637825497753985	0.11503164896173704	0.00000000000000000	0.00273508524614921	1.07377599857944150
IMMU-BC3-0787	0.15702727577592202	0.00000000000000000	0.76374924982802916	0.00000000000000000	0.01950763883099256	0.03066353024540039	0.02905230531965589	0.00000000000000000	0.00000000000000000	0.20704641724327774	1.02746594945039238
IMMU-BC3-0788	0.03933901855376608	0.00000000000000000	0.72244567152156292	0.00000000000000000	0.00000000000000000	0.10485444717675112	0.10034504901533156	0.03301581373258828	0.00000000000000000	0.08013078907498657	1.09837998912812318
IMMU-BC3-0791	0.16075552561494608	0.00757819525502899	0.67006279154302428	0.03322232687559573	0.00000000000000000	0.08622108958304993	0.00000000000000000	0.04216007112835490	0.00000000000000000	0.02945947668225761	1.10831434141816110
IMMU-BC3-0796	0.01342813800745395	0.01248300760557888	0.91757804024877743	0.02752745911975739	0.00000000000000000	0.02773751100755971	0.00000000000000000	0.00124584401087261	0.00000000000000000	0.13585484240237600	1.09631482744019437
IMMU-BC3-0799	0.27813434681184673	0.00368505578191881	0.58105845592674721	0.00000000000000000	0.00000000000000000	0.12761208154330408	0.00000000000000000	0.00951005993618319	0.00000000000000000	0.05532588854305968	1.09557044142934745
IMMU-BC3-0800	0.06789599708509828	0.01095959873220042	0.76596202278130143	0.00000000000000000	0.00000000000000000	0.06652352569142636	0.05797660028936154	0.03068225542061188	0.00000000000000000	0.20537263832335653	1.03303598828480814
IMMU-BC3-0807	0.04658735933012674	0.01347694430661514	0.77250273970894845	0.05025439015851812	0.00000000000000000	0.08920798497696503	0.00000000000000000	0.02797058151882647	0.00000000000000000	0.04217755836040043	1.12308049928575615
IMMU-BC3-0811	0.01870135700177041	0.00171993095298150	0.82968091532548238	0.00000000000000000	0.01032234138580110	0.09500036803720523	0.04457508729675951	0.00000000000000000	0.00000000000000000	0.06913038408969477	1.12163650692709083
IMMU-BC3-0817	0.13697658568989834	0.00000000000000000	0.56410038350836023	0.00000000000000000	0.00030400974501126	0.13069263957621721	0.11361951827432470	0.05430686320618817	0.00000000000000000	0.02514665755972837	1.11068872997460844
IMMU-BC3-0817	0.00000000000000000	0.00088901989313336	0.73446181945432154	0.00000000000000000	0.00000000000000000	0.13690066418906008	0.12774849646348516	0.00000000000000000	0.00000000000000000	0.05906694989875533	1.12008841892849742
IMMU-BC3-0818	0.04814272462197263	0.01432592347670964	0.63645517213889868	0.17230116627084741	0.00000000000000000	0.05279781746324416	0.00000000000000000	0.07597719602832748	0.00000000000000000	0.09393757878554750	1.06644245210594923
IMMU-BC3-0818	0.02019879484885655	0.00000000000000000	0.67875787980184477	0.15965096205727894	0.00000000000000000	0.07287594406463183	0.00000000000000000	0.06851641922738798	0.00000000000000000	0.09543456401885832	1.07813942736485524
IMMU-BC3-0819	0.00000000000000000	0.00000000000000000	0.84863347925150390	0.09300173555519935	0.00000000000000000	0.05836478519329674	0.00000000000000000	0.00000000000000000	0.00000000000000000	0.09278948326211031	1.10516660942177225
IMMU-BC3-0819	0.00000000000000000	0.00000000000000000	0.75540652904508576	0.12082778626940799	0.00000000000000000	0.05460807649163887	0.00000000000000000	0.06915760819386722	0.00000000000000000	0.06303687147265964	1.10322885150229744
IMMU-BC3-0820	0.02610373191508426	0.01747279928707077	0.88399595269176223	0.00000000000000000	0.00000000000000000	0.04207823596463062	0.01583491593067583	0.01451436421077622	0.00000000000000000	0.25877262940211743	1.02133758123288754
IMMU-BC3-0821	0.04964474235355282	0.00000000000000000	0.77793563146382128	0.01879280917982126	0.00000000000000000	0.11022373647934888	0.00000000000000000	0.04340308052345578	0.00000000000000000	0.08732915260211828	1.11130001037876625
IMMU-BC3-0825	0.23925370829717232	0.00308901263042575	0.70073801133400770	0.00000000000000000	0.00000000000000000	0.05691926773839408	0.00000000000000000	0.00000000000000000	0.00000000000000000	0.10693409556707220	1.07070857116246221
IMMU-BC3-0825	0.18272025765115266	0.02202799343936750	0.74278058099932731	0.00000000000000000	0.00000000000000000	0.04703601242245765	0.00543515548769494	0.00000000000000000	0.00000000000000000	0.18268203721107579	1.03895120914933070
IMMU-BC3-0826	0.14062890551418522	0.01079909382524708	0.71955159544220715	0.00000000000000000	0.01085170482221603	0.11816870039614459	0.00000000000000000	0.00000000000000000	0.00000000000000000	0.06561570405078045	1.10816371925153678
IMMU-BC3-0828	0.05777244312843560	0.00000000000000000	0.69289207578113876	0.00000000000000000	0.00000000000000000	0.13146175875939900	0.04259927739187717	0.07527444493914938	0.00000000000000000	0.00677698988014987	1.14948840612190506
IMMU-BC3-0830	0.03470262408650398	0.01611551870263986	0.71133530322959004	0.00000000000000000	0.00000000000000000	0.10463083378463994	0.01627292789091500	0.11694279230571127	0.00000000000000000	0.07990674873064754	1.11175457727694327
IMMU-BC3-0833	0.12563024615619908	0.01566915737062368	0.73631293839514789	0.00000000000000000	0.00000000000000000	0.03165391971384737	0.04258562438955336	0.04814811397462865	0.00000000000000000	0.10865166430909817	1.07141813799777075
IMMU-BC3-0835	0.08461318853374239	0.00000000000000000	0.87827207680290920	0.00000000000000000	0.00000000000000000	0.03711473466334842	0.00000000000000000	0.00000000000000000	0.00000000000000000	0.13206164748740615	1.09048304619543690
IMMU-BC3-0836	0.00000000000000000	0.00000000000000000	0.57639906052238588	0.00000000000000000	0.00000000000000000	0.19088492214357633	0.22782318725197567	0.00489283008206210	0.00000000000000000	0.01107599125575227	1.14650332291439683
IMMU-BC3-0837	0.18897552093645495	0.00000000000000000	0.53505814836155907	0.00000000000000000	0.00000000000000000	0.11335495457076389	0.15882314607967227	0.00378823005154981	0.00000000000000000	0.00895279933785873	1.09583070914775260
IMMU-BC3-0838	0.04599649178081093	0.00000000000000000	0.37440873841161237	0.03310928659447163	0.00000000000000000	0.22745813132820936	0.24175402124928014	0.07727333063561563	0.00000000000000000	0.03602194190790426	1.16159112409947096
IMMU-BC3-0839	0.01072265533410304	0.00491968254586117	0.66239348339131277	0.09998380581466942	0.00000000000000000	0.12891339404555138	0.00000000000000000	0.09306697886850222	0.00000000000000000	0.02237686303998276	1.13976107584071085
IMMU-BC3-0846	0.00045957534022319	0.01332931507727205	0.72277646366525972	0.00000000000000000	0.00000000000000000	0.08738042658248286	0.15201896296756923	0.02403525636719293	0.00000000000000000	0.09258807623710061	1.08519275896379197
IMMU-BC3-0848	0.00000000000000000	0.00000000000000000	0.80511245125329423	0.04527189606321282	0.00000000000000000	0.05275765197365853	0.00000000000000000	0.09685800070983436	0.00000000000000000	0.04726974548567871	1.12522371721680492
IMMU-BC3-0849	0.00000000000000000	0.00000000000000000	0.81582043703017759	0.06560801836044064	0.00000000000000000	0.07639601505105248	0.00000000000000000	0.04217552955832937	0.00000000000000000	0.14000089589145343	1.08030030698209178
IMMU-BC3-0850	0.04065426119021108	0.03962513186320885	0.68338536330648969	0.00000000000000000	0.00000000000000000	0.06889474329868195	0.12846931509085674	0.03897118525055166	0.00000000000000000	0.06514215034681231	1.08676000441360698
IMMU-BC3-0851	0.04803954352262582	0.00805049724637758	0.80580930297695230	0.00000000000000000	0.01395190234156611	0.10021417919729958	0.02393457471517857	0.00000000000000000	0.00000000000000000	0.00418376873217697	1.15080722953814796
IMMU-BC3-0858	0.00000000000000000	0.00532414331333108	0.84807531941308867	0.00000000000000000	0.00000000000000000	0.06408072228717149	0.05006337899659778	0.03245643598981102	0.00000000000000000	0.10750020024087806	1.10060615448957821
IMMU-BC3-0873	0.07374428002469152	0.02878943877951823	0.85085189572707542	0.00000000000000000	0.00787150374933738	0.01152764026764646	0.00000000000000000	0.02721524145173097	0.00000000000000000	0.11423061185933508	1.09193674629544257
IMMU-BC3-0893	0.19179861614264943	0.02432770087805984	0.60983100593664397	0.00413202211606434	0.00000000000000000	0.07196440176469021	0.00000000000000000	0.09794625316189239	0.00000000000000000	0.08706457806918326	1.07439462823829457
IMMU-BC3-0903	0.30120158027932509	0.02434895747264509	0.42525990391206409	0.00000000000000000	0.00000000000000000	0.10034824848445582	0.12021031176326076	0.02863099808824930	0.00000000000000000	0.06654452411986017	1.05880559520346407
IMMU-BC3-0904	0.04457208437037508	0.00000000000000000	0.26913765911261744	0.00000000000000000	0.00000000000000000	0.53053869272622223	0.13900916998636484	0.01674239380442040	0.00000000000000000	0.02920904723114148	1.50281346973493846
IMMU-BC3-0912	0.00000000000000000	0.00000000000000000	0.84291536122974453	0.00000000000000000	0.00000000000000000	0.06652818769920743	0.00000000000000000	0.09055645107104812	0.00000000000000000	0.10462161789160383	1.10825117616672264
IMMU-BC3-0916	0.11557701666270398	0.03085675003245125	0.60023014385370144	0.00000000000000000	0.00000000000000000	0.18963653783353232	0.05764927523796726	0.00605027637964366	0.00000000000000000	0.02053379851065654	1.14511057640208924
IMMU-BC3-0923	0.01257262599625615	0.00887064097536253	0.82584762562043479	0.00000000000000000	0.00000000000000000	0.09802588799446185	0.00730638014849286	0.04737683926499178	0.00000000000000000	0.15212761566122515	1.08329773210030589
IMMU-BC3-0929	0.01349579671067491	0.01561302284540703	0.79564345945607262	0.03717608658816554	0.00000000000000000	0.06043401202865969	0.00000000000000000	0.07763762237102034	0.00000000000000000	0.16587230281788076	1.06215615912482320
IMMU-BC3-0935	0.00000000000000000	0.01100225906406204	0.81577399399713080	0.08610344935896538	0.00000000000000000	0.08712029757984183	0.00000000000000000	0.00000000000000000	0.00000000000000000	0.11635306287383852	1.09193343863107062
IMMU-BC3-0937	0.00000000000000000	0.00000000000000000	0.89731481929692758	0.00000000000000000	0.00000000000000000	0.07952997823514753	0.02315520246792488	0.00000000000000000	0.00000000000000000	0.03012344418511856	1.15599375345774247
IMMU-BC3-0938	0.06222572255358746	0.00000000000000000	0.81343477511452278	0.02423158223095836	0.00000000000000000	0.05097671306100083	0.00000000000000000	0.04913120703993064	0.00000000000000000	0.23544604056395474	1.02405456463504230
IMMU-BC3-0944	0.00000000000000000	0.00000000000000000	0.85153790581104116	0.00000000000000000	0.00000000000000000	0.12654921282965559	0.00000000000000000	0.02191288135930322	0.00000000000000000	0.09726385150619496	1.12673565635998130
IMMU-BC3-1001	0.13510994255756098	0.00000000000000000	0.63164262739335286	0.00000000000000000	0.00000000000000000	0.06095662804317952	0.17229080200590660	0.00000000000000000	0.00000000000000000	0.01834781848652534	1.09110539231257198
IMMU-BC3-1033	0.00703757895178385	0.00455872204169948	0.66069607400771813	0.00000000000000000	0.00000000000000000	0.06142863106906826	0.20366791387939684	0.06261108005033350	0.00000000000000000	0.02339867365015571	1.10087708893900804
IMMU-BC3-1063	0.05722012576876448	0.00000000000000000	0.72494059282047929	0.00000000000000000	0.00000000000000000	0.13694668372423319	0.08089259768652297	0.00000000000000000	0.00000000000000000	0.08570881239668118	1.10477134569168034
