Samples	CBSX__LM22__B_cells_naive	CBSX__LM22__B_cells_memory	CBSX__LM22__Plasma_cells	CBSX__LM22__T_cells_CD8	CBSX__LM22__T_cells_CD4_naive	CBSX__LM22__T_cells_CD4_memory_resting	CBSX__LM22__T_cells_CD4_memory_activated	CBSX__LM22__T_cells_follicular_helper	CBSX__LM22__T_cells_regulatory_(Tregs)	CBSX__LM22__T_cells_gamma_delta	CBSX__LM22__NK_cells_resting	CBSX__LM22__NK_cells_activated	CBSX__LM22__Monocytes	CBSX__LM22__Macrophages_M0	CBSX__LM22__Macrophages_M1	CBSX__LM22__Macrophages_M2	CBSX__LM22__Dendritic_cells_resting	CBSX__LM22__Dendritic_cells_activated	CBSX__LM22__Mast_cells_resting	CBSX__LM22__Mast_cells_activated	CBSX__LM22__Eosinophils	CBSX__LM22__Neutrophils
IMMU-BC3-0099	0	0.18221640685106724	0	0	0	0.39672215649022335	0	0.00858847529261548	0.21977637995923277	0	0.02669562427900555	0	0.01861411579393727	0.1138909068590154	0	0	0.00863425024652078	0	0	0.00889325089840478	0.01596843332997718	0
IMMU-BC3-0101	0.10880533709391314	0	5.8276053169682e-4	0.07528880317909481	0	0.47716464836683814	0	0	0.16763856580765782	0	0	0.032963768536236	0.05361192442104564	0.01837437077959688	0.01738182032608679	0	0.01813964009658251	0	0	0	0.02789972109213177	0.00214863976911968
IMMU-BC3-0109	0	0.16124368980847714	0.01613793999873077	0.07893149181082719	0	0.3887000744730884	0	0	0.14144165036995116	0	0.03217761002733947	0	0.02909203102686464	0.04137913541640498	0.03719589684662971	0.06396914426457875	8.6179560775153e-4	0	0	0	0.00886954034935627	0
IMMU-BC3-0111	0.00885582186246474	0	0.03276634753950494	0.1836510570217267	0	0.14780295101069524	0	0	0.24575550913953284	0	0.01786332836387386	0.06554447034225039	0.1038606969784775	0.09537057153955268	0	0.08242091365841002	0	0	0.01610833254351115	0	0	0
IMMU-BC3-0113	0	0	0.05969734622576722	0.06692714007829681	0	0.40629487119803176	0	0	0.2288683610878491	0	0.04762931260117381	0	0.0119587669803315	0.08576078654153216	0	0.01427335113624109	0	0	0	0.06704500113566271	0.01154506301511382	0
IMMU-BC3-0119	0	0	0.00583740346260147	0.1282530503481516	0	0.12418970255287892	0	0	0.4727656931141415	0	0.00895432957012755	8.5068507347916e-4	0.02521847202765671	0.13834196368010696	0	0.03008819383132921	0	0.00268619063884223	0	0	0.06281431570068464	0
IMMU-BC3-0124	0	0.21043396461252517	0	0.01388734876148184	0	0.26088017418344994	0	0	0.19403965446503232	0	0.04912595717725429	0	0.01895560280513462	0.1466605291220704	0	0	0.0663520472447666	0.03231475119695349	0	0	0.00734997043133123	0
IMMU-BC3-0126	0	0.02593683321889801	0.03541024041133166	0.18053165144390956	0	0.22076423753563323	0	0	0.2604196113215141	0	0.062238463387543	0	0.04727046974200575	0.10687475723490704	0	0	0	0.00929235657299215	0.03630359991691347	0	0.01495777921435201	0
IMMU-BC3-0138	0	0	0.03926829453457027	0	0	0.36180745409467546	0	0.04045653934697487	0.23058435383730572	0.05222625610230933	0	0.01618055934444617	0	0.18333835316289057	0	0	0.0086923812783645	0.01293253140549526	0	0.05451327689296782	0	0
IMMU-BC3-0139	0	0.14707214480712075	0	0	0	0.4661771721681914	0	0.05736519858861282	0.1051672221997786	0.02762463525061428	0.04138169051226335	0	0.01706475719652258	0.07412039481760739	0.00718309812914218	0.0152354295180172	0.00503591556677752	0	0	0	0.03657234124535195	0
IMMU-BC3-0147	0	0.06474851906890082	0.01992238836794903	0	0	0.44160030366344954	0	0	0.23135352223826228	0	0.01670271751320751	0	0.00367012470405296	0.0489952969392632	0.00428204367864449	0.01388371404560702	7.337066692989e-5	2.5923506231865e-4	0	0.1002788100076914	0.05422995404372331	0
IMMU-BC3-0152	0	0	0.00245063171669716	0	0	0.39132951081485134	0	0	0.18260426136852	0	0.01564893239301721	0	0	0.07726904399062626	0	0.2478284032416476	0	0	0	4.2572483467473e-4	0.08244349163996562	0
IMMU-BC3-0154	0	0.08936094448808647	0	0	0	0.15941193668301265	0	0.18789323954244624	0.17244823260945302	0.03748729733461071	0.0051937202204098	0.0024723347037728	0	0.21968688352315985	0.0142404972477278	0.01596686220372428	0	0	0.06987376915402499	0	0.02596428228957156	0
IMMU-BC3-0154	0	0.03964423234522402	0.0057098576870224	0	0	0.38948162871129366	0	0.00841290659960479	0.26680752575351924	0	0	0	0.06123859433206174	0.0980890216958848	0.01167094064810951	0.04138847187413752	0	0	0.04974575479378392	0	0.02781106555935854	0
IMMU-BC3-0155	0.02711687285673497	0	0.00167700412130073	0.02427862825385936	0	0.3729794128235919	0	0	0.28617591420979294	0	0.07442446079524004	0	0.05345047452881992	0.0632626862018928	0.00537322978321886	0.05372895966080312	0	0	0	0.03663046010970923	9.0189665503613e-4	0
IMMU-BC3-0165	0	0.03897904187216249	0	0.01710989359820483	0	0.49606581366405983	0	0	0.17008377522454143	0	0.05672992477814025	0.00257108987447925	0.08307701152974216	0.07772541828564697	0.05701011715515302	0	0	0	6.4791401786986e-4	0	0	0
IMMU-BC3-0168	0	0.0823261849203035	0	0.3772019221047625	7.6813116931032e-4	0.27424052618487654	0	0	0.09899476045774026	0	0	0	0.06159521526610994	0.06131717064762599	0.00290264830416114	0.00235588638119333	0	0	0	0	0.03829755456391651	0
IMMU-BC3-0171	0	0.06615459831581784	0	0.11731143684077038	0	0.46285527823248057	0	0	0.20831568299120223	0	0	0.03450102757882882	0.05544805138072536	0.0475227147676929	0.00760704881609576	2.8416107638616e-4	0	0	0	0	0	0
IMMU-BC3-0177	0.00523863104651966	0.1714011150332552	0	0.20937622427733624	0	0.3165228967406536	0	0	0.15645786728367986	0	0.02600313929498618	0.00514259969590505	0.0139488174446578	0.03128039372662616	0.04866820085416797	0	0	0	0	0.00199993864310903	0.01396017595910325	0
IMMU-BC3-0181	0	0.2075156107820031	0	0	0	0.40144589208746706	0	0.04469696341957557	0.14946369459188807	0	0.02646903820789122	0	0.03116637869404212	0.01643478036572499	0	0.06481311803404495	0	0.02585747722656373	0	0	0.03213704659079931	0
IMMU-BC3-0187	0	0.06380769905347064	0	0.2570089221224131	0	0.08725319055369535	0	0.08223652796579271	0.2586217342825774	0	0	0	0.06152925306426182	0.10058287467662236	0.01401177878590442	0.0272998772326617	0	0	0	0	0.04764814226260059	0
IMMU-BC3-0188	0.04719918588986944	0	0.01912916683435888	0.12928107031931613	0	0.22259751859539553	0	0	0.2583604405913492	0	0	0.08100553622577981	0.01734520537812248	0.14507035380272745	0.016662963564216048	0.0505582742091326	0	0.00220186601822056	0.00585547923446725	0	0.00473293933704469	0
IMMU-BC3-0189	0	0.11568697063711536	0	0	0.07349484102613872	0.15913726564035566	0	0	0.47461119557501674	0.01496608232340075	0.0405598285934226	0	0.00904665341429092	0.05256149941698887	0	0.00636962365583306	0	0	0	0	0.05356603971743731	0
IMMU-BC3-0190	0	0.05187407788583906	0	0	0	0.4527945290520971	0	0	0.23581168911208591	0	0	0	0.0560784604953855	0.08882712783238042	0	0.0297766764648705	0	0	0	0.07496623869669128	0.0054865111463922	0.00438468931425796
IMMU-BC3-0198	0	0.20842440096769935	0.05147361897310766	0.0548104104035808	0	0.29036602213090185	0	0	0.10566181804121996	0	0	0.13098862795509947	0	0.10308240259310024	0	0.00996909304396642	0.01285550641811437	0	0	0	0.02100657756702887	0.01136152190618103
IMMU-BC3-0199	0	0.07429139273656495	0.00288855933752038	0	0	0.41873832017873663	0	0	0.1392591115579953	0.09502876357037404	0	0	0.03623836564103617	0.111345185213621	0	0.02620008841279327	0.03915536726715226	0	0	0.03808174921010056	0.00294269182995846	0.01583040504414716
IMMU-BC3-0200	0	0.02353602834284653	3.1242078575797e-4	0	0	0.44966089518908253	0	0	0.37290799681390185	0	0.00741879813244738	0	0.02446031115879955	0.07934993449238517	0	0.01266238798654475	8.6589098733996e-4	0	0	0	0.02882533611089453	0
IMMU-BC3-0204	0.04522070285369388	0.0728264471072713	0	0.00772875522064047	0	0.2550439884842194	0.04850876505151473	0.07445374726484123	0.17250396533712614	0	0.01221101273187011	0.00954023146934456	0.01732695310597875	0.23987235928357872	0.00611150636130565	0.02827400134110887	0	0	0.01037756438750619	0	0	0
IMMU-BC3-0212	0	0.05990563264165333	0	0	0.05747157185047955	0.26676387235226495	0	0	0.39330506884532457	0	0	0	0.02139098073795335	0.08329835992243022	0	0	0	0.00450045178713659	0	0	0.11336406186275746	0
IMMU-BC3-0220	0	0.00825568266224094	0	0.1322004911246307	0	0.39099480028813166	0	0.02892804770623841	0.31885725885040167	0	0	0	0.08903516938954789	0	0	0	0	0.01757471066422854	0	0	0.01415383931458021	0
IMMU-BC3-0221	0	0.10416391244524294	0	0	0	0.14594257611342024	0	0.01840927688537409	0.27504621304957805	0.01356157163470439	0	0.07659987692935505	0	0.23577575567716672	0	0.01830183130078706	0.00165869164390586	0	0	0.09254480115572077	0.01799549316474481	0
IMMU-BC3-0222	0	0.03983399689593672	0.04515969492912533	0.15091689075334722	0	0	0	0	0.15153678068810683	0	0.03630891853595096	0	0.04946301508810743	0.30975704832717893	0.00866258438641004	0	0.01178587378551213	0	0.14046567737138782	0	0.05610951923893656	0
IMMU-BC3-0230	0	0.0150352064516634	0	0.18470233895755112	0	0.2570897616371338	0	0	0.15012507436148043	0	0.01353134068717382	0	0.01387390530749266	0.1033586220211062	0.02337349988887283	0.02869989937093193	0	0	0	0.02803840219943272	0.18217194911716111	0
IMMU-BC3-0233	0	0.26711636669718936	0	0	0	0.3781458096343326	0	0	0.1992219680796199	0.08023402084701681	0	0	0	0.03363719434745097	0	0	0.00754127490820249	0	0	0.01317306861604715	0.02093029687014088	0
IMMU-BC3-0234	0.04623440717661891	0	0.00281369829128096	0.08952866684028542	0	0.14083720700109717	0	0	0.3111880538021362	0	0	0.1165626811389415	0	0.16891706084214256	0	0.11852982481010732	0	0	0.00538840009738997	0	0	0
IMMU-BC3-0235	0	0.00825455651735646	0.05816668706241816	0	0.15250831851416125	0.29646562937017873	0	0	0.2619822478238457	0	0	5.1027673980162e-4	0	0.12666510522818028	0.00295132128191118	0.0143278660869998	0	0	0.06223399115308113	0	0.01593400022206572	0
IMMU-BC3-0238	0	0	0.01122590524315109	0	0	0.24336752623085064	0	0	0.3383193153847841	0.02798727179125908	0	0.0011000045762223	0.00221789919816509	0.17494197333926184	0	0.03331981556400979	0.00309038295299456	0	0.09060270529350464	0	0.07382720042579677	0
IMMU-BC3-0239	0	0.00790738212918509	0	0.05661866070140218	0	0.3524988057711398	0	0	0.1907432826871127	0	0	0.06008688454278511	0.07476208177063567	0.1580001631011398	0	0.02812081648421113	0.06437240657704611	0	0	0.00688951623534253	0	0
IMMU-BC3-0240	0	0.0746665394931031	0	0.07729943797286529	0	0.5389415786102217	0	0	0.16671128108578728	0	0	0	0.0513525120065067	0.06993928720380216	0.0035996363834093	0	2.3380443479619e-4	0	0	0	0.01725592280950818	0
IMMU-BC3-0241	0.01737888485748958	0	0	0.09418141150646968	0	0.09944011988053245	0	0.02664749160054697	0.35296192773738094	0	0.01709779703200293	0.02408344305737059	0.05017957121416742	0.09802740778018772	0	0	0.0076116106707408	0.03490978044434564	0	0.04324161944508472	0.13423893477368065	0
IMMU-BC3-0251	0	0.03764319652404214	0	0	0	0.24196419612313655	0	0	0.2472869075959442	0	0.01183668080445519	0	0	0.27995903092164237	0	0.01316548371732607	0	0.05814803617910674	0	0	0	0.1099964681343468
IMMU-BC3-0251	0.00655913188075672	0	0.0133358347976779	0	0	0.5333884320754911	0	0	0	0	0.03971658346114634	0	0.06442949201235301	0.11215141353821512	0	0.05543875746645708	0	0.0064318747545242	0.06038652602386716	0	0.10816195398951148	0
IMMU-BC3-0255	0	0.1482614021376649	0	0.01693486759925	0	0.3391895830621217	0	0	0.23536741348767687	0	0	0	0.03167263475073267	0.08899494916970552	0.01010845287303441	0.04514099261261441	0	0	0.07048185099811641	0	0.01384785330908324	0
IMMU-BC3-0256	0	0	0.00546850429500097	0.1678872194326295	0	0.35844549597277925	0	1.2987166107062e-4	0.18868218136365603	0	0	0.04601154675499787	0.03892447490438809	0.16068553782704492	0	0	0	0	0	0.02829785061601791	0.00546731717241483	0
IMMU-BC3-0262	0	0.15936364649466797	0	0	0	0.30753883631089496	0	0	0.22117965176327703	0	0	0	0.02939285990933507	0.14432017630651622	0.00221282522319246	0	0.00402933393686914	0	0.08787683521099991	0	0.04408583484424717	0
IMMU-BC3-0263	0	0.04895781540759359	0.00478236669502277	0	0	0.5747183503665585	0	0.06419783397347598	0.1954563852291796	0	0	0.03487696381124501	0.00250142840724294	0.00540007701114519	0	0.00335842463147864	7.6906908280529e-4	0	0	0.05801789252969076	0.00564373557870664	0.00131965727585508
IMMU-BC3-0263	0.02002714888375979	0	0.05512445085236665	0.03999312387286988	0	0.5017063289830965	0	0	0.06187486867736598	0	0.00607872037576923	0	0.03736723418649736	0.04814621683199648	0	0.01466008330552581	0	0	0.08853254617735348	0	0.12648927785339897	0
IMMU-BC3-0267	0	0.01502207633818924	0	0.10438461961999816	0	0.2971059054306544	0	0	0.24432276984911333	0	0	0.03821851638053211	0.00943091006640456	0.0283671307044291	0	0	0	0	0.1804330454813149	0	0.0827150261293643	0
IMMU-BC3-0269	0.13656661898873487	0	0.00538385076638153	0	0	0.31441543438560204	0	0.05535670801965305	0.16136231605700696	0	0.07801224673313836	0	0	0.1369767874098696	0	0.06245552555586999	0	0.01279942391406936	0.0326458160961922	0	0.00402527207348198	0
IMMU-BC3-0272	0.03631228853545678	0	0.00366968431968736	0.08496670122871816	0	0.3375711162846678	0	0	0.1489271669402995	0	0.08634428726242561	0	0.00618766403915896	0.13314315047027497	0.05873062893072073	0.03677528403165877	0	0	0	0.06610570781766865	0.00126632013926265	0
IMMU-BC3-0273	0.09677463497361546	0	0.00543253838382853	0.17808004855361728	0	0.2828422871402627	0	0	0.23911868508187817	0	0.04446728993378984	0	0.02751867205371122	0.05271516345646798	0	0	0	0	0	0.04779795528087584	0.02525272514195321	0
IMMU-BC3-0274	0.05232653224073233	0	0.00221300810498854	0	0	0.24238864840934385	0	0	0.18821092239641923	0	0	0.05424997198580168	0.10733117299267976	0.24457849877750737	0.00391281683511921	0.08974795115137951	0	0	0.0150404771060287	0	0	0
IMMU-BC3-0275	0.01101217045454224	0	0.01375983286384285	0.1641030836152345	0	0.22506722286261735	0	0.1511511511742747	0.174149506999586	0	0	0.015985780818079	0.03692512279747455	0.07880748900365689	0	0.01222229169940034	0	0	0	0.06922486636125533	0.04759148135003628	0
IMMU-BC3-0275	0	0.0599170621989218	0	0.1361428492630349	0	0.35152088375035767	0	0	0.14609997733410734	0	0.00792955021680366	0.01017078909958698	0.01352471878285973	0.14165968787221755	0	0	0	0	0	0.02216998933867328	0.11086449214343704	0
IMMU-BC3-0276	0	0	0.00783732941913077	0	0	0.22529176038999152	0.12662303053495683	0	0.15668165393296635	0.06091386496452733	0.02189315246404189	0	0	0	0	0.1758413918826311	0	0.07518968748893912	0	0	0.14972812892281506	0
IMMU-BC3-0278	0	0.03774111766917068	0.00228291046421675	0	0	0.45923425202423745	0	0.08495365212491085	0.1508650706295332	0	0.014417083350555	0	0.0191179706831406	0.09145956111869004	0.0050059158703124	0.04280542895024513	0.00162413790502898	0	0.07304533835912827	0	0.01744756085083062	0
IMMU-BC3-0281	0.01684399801779085	0	5.8557076506032e-4	0.1499583315230895	0	0.08778210318015026	0.00534564707144315	0	0.19977333219739687	0	0	0.109345118629261	0	0.1177348561058488	0	0.08051935582279118	0	0	0.08270105181522575	0	0.14941063487194242	0
IMMU-BC3-0281	0.11632125054333702	0	0	0.1498591320051005	0	0.15583506811787634	0.15079488839984947	0	0.10363541825848492	0	0.00438020943150409	0	0.01158082146478953	0.07207270993293798	0.00145387175822679	0.06394286714149017	0	0	0.03510615377779494	0	0.13501760916860817	0
IMMU-BC3-0286	0	0.07802852646113896	0	0.13542213787935004	0	0.31834188157994503	0.00173186817625436	0	0.10885233750594828	0	0	0.12310741867891203	0.0637217029347508	0.04069676195513847	0.00968553054163269	0.02255282209055051	0	0	0.09318110262415533	0	0.00402554379761091	6.5236577461263e-4
IMMU-BC3-0291	0.08615729379544672	0.01211027085649353	0	0.12589037344123122	0	0.488129566166714	0	0	0.02610183256144787	0	0.08432388569614827	0	0.02824328109608382	0.00587785958101095	0.0409771300569536	0.0814765791254411	0	0	0	0.00763852845548335	0.01307339916754556	0
IMMU-BC3-0296	0	0.00449130663091847	0	0.00490146728688397	0	0.35196041120180005	0	0.09000312104380072	0.28305325024122086	0	0	0	0.01367680702870965	0.03089683211355169	0	0.03596681051370671	4.2224590276026e-4	0	0	0.15447893597112328	0.01121870603413731	0.01893010603138716
IMMU-BC3-0299	0	0	0.18503107275179137	0.1589316143097769	0	0.09155766219824898	0	0	0.26570604931131875	0	0	0.02917488174840732	0.02008266952477795	0.1995188818847788	0	0	0	0	0.02985800574079728	0	0.0201391625301026	0
IMMU-BC3-0307	0.1657047612149177	0	0.03260465850959495	0	0	0.47129846381424384	0	0.0034880559410139	0.14056114295724165	0	0	0.03157001573394587	0	0.06667268879620014	0	0.01492390605349794	0	0	0	0.04769156018017913	0.01713027990414802	0.00835446689501687
IMMU-BC3-0315	0	0.099452724982904	3.2020369876825e-4	0.3205349415397163	0.17225377835022423	0	0	0	0.19953650363638217	0	0	0.08159166732036395	0.08723148225372686	0	0	0	0.00655402865708666	0	0	0	0.03252466956082759	0
IMMU-BC3-0321	0	0	0.00256610538600991	0	0	0.3838604389196763	0	0.01545128838436864	0.2192529870265608	0	0.11121997977401243	0	0.00758276072062204	0.15600386481642195	0	0	0	0.023618413253139	0	0.07475378677895493	0.00569037494023391	0
IMMU-BC3-0322	0.06418027833411485	0	0.1179281110311682	0	0	0.32038463801154476	0	0	0.1426723656385336	0	0	0.02516909801578146	0.0286855277918707	0.09170467531127686	0.00234197020565966	0.05732154877534604	0.0510621673074978	0	0.03704511421010417	0	0.06150450536710208	0
IMMU-BC3-0325	0	0	0.06129269484369897	0.35121845286060865	0	0	0	0	0.31164639708904784	0	0	0.00490232519190927	0.01061543388880345	0.06920734589651405	0	0.10548228556073212	0	0	0	0.07272273952978935	0.01291232513889624	0
IMMU-BC3-0332	0	0.17363209013674918	0	0.06905219679190429	0	0.3480808774944839	0	0	0.28326620285876664	0	0.03422622559848488	0	0.01964299643615516	0.04456634788973489	0.00286548666984192	0.0040969358071476	0	0	0	0	0.02057064031673137	0
IMMU-BC3-0338	0	0.16014694089108222	0	0	0	0.4388032517469696	0	0	0.20095478414453644	0	0.00905940259345062	0	0.01861701171525536	0.10164924367512684	0.00599800856226631	0.01347714345489744	0	0	0.01321002653549618	0	0.03808418668091877	0
IMMU-BC3-0341	0	0.15303337624921218	0	0.11865181370974012	0	0.3098835871744544	0	0	0.11880057368636478	0	0.03172579955108164	0	0.04486087731959335	0.14668838797413544	0	0.02370261874948804	0.01533068599322696	0	0	0	0.03732227959270314	0
IMMU-BC3-0352	0	0.15935758162564814	0	0	0	0.19899315979240356	0	0.01792850379826785	0.3481498247186594	0	0.02848387596097192	0	0	0.11474682772703956	0	0	0	0.02122705194684103	0.11111317443016876	0	0	0
IMMU-BC3-0357	0	0.02778060882221743	0	0.15726849029696727	0	0.222854147159531	0	0	0.19585673004582463	0	0.0634488566666129	0	0.00459219821802688	0.22664084027466697	0.00585143940005642	0.00382674573440982	0	0	0	0.0553010543074876	0.03657888907419903	0
IMMU-BC3-0361	0	0.24241301991874165	0	0.00959758987543975	0	0.36543404341125385	0	0.04385869902780951	0.12401968339470128	0	0	0.05515512807232244	0.03378985252734645	0.03746745496390241	0.01049961595738128	0.02211154008965057	0.01741971599939006	0	0	0	0.03823365676206077	0
IMMU-BC3-0376	0.03128798571431258	0.01169612369531409	0	0.1688660285807125	0.07397263207876859	0.14474115845031085	0	0	0.2517707111710089	0	0.1072684551935061	0	0	0.1176421494102035	0.03922515812324408	0.00604340352894327	0	0	0	0	0.04748619405367555	0
IMMU-BC3-0381	0.05578735321279733	0.08996583398617697	0.08227974467011068	0.08269821209106742	0	0.3424467308138998	0	0.01326295309765315	0.12307077965367198	0	0	0.05003596590756018	0.00783287286515361	0.09929107798786438	0.01385697136303769	0.02199029013773487	0	0	0.00814724907861224	0	0.00933396513465966	0
IMMU-BC3-0382	0	0.02052902769652142	0	0.0855715587203195	0.25796677771577425	0	0	0	0.37000459063078134	0	0	0	0.02988742449347694	0.14956239584330958	0	0	0	0.03023978891084709	0	0	0.05623843598896985	0
IMMU-BC3-0389	0	0.05271026663769104	0	0	0	0.38855653922285066	0	0	0.2044884724264215	0.0025061246908986	0.11904054348018143	0	0.0075532089567717	0.17142694240436457	0.00451850749963666	0.01831658193915624	0	0	0.01540382781436636	0	0.01547898492766145	0
IMMU-BC3-0390	0	0.15584572655504375	0	0	0	0.5564365416600401	0	0	0.05212622229053273	0.00144574846518668	0.05856752632612073	0	0.00332869477773016	0.01564962294761038	0	0	0.00224444123815829	0.00216207234245909	0	0.13319849516074708	0.01899490823637106	0
IMMU-BC3-0393	0.02173332270218926	0.00280745404411816	0.04737419647414026	0.09870958053069258	0	0.3774458528221373	0	0	0.22046901899428437	0	0	0.05090234343961025	0.02568340804011531	0.13231988951951532	0.00218643834650683	0.02036849508669033	0	0	0	0	0	0
IMMU-BC3-0412	0	0.06949127564864321	0	0.01452979713307249	0	0.4812434004369512	0	0	0.27658479818330167	0	0	0.01979777258354804	0.02335327536398466	0.08814293773591225	0.00535050508619914	0	0	0	0.01035155600487048	0	0.01115468182351671	0
IMMU-BC3-0413	0	0.03374469725844825	0	0	0	0.3788813573491767	0	0.1248885666116525	0.16006591625740638	0.04273214209475272	0	0	0.01719854530154766	0.09972906861413608	0	0.01336223183655986	0	0.00701331247908341	0.06915965505668777	0	0.05322450714054877	0
IMMU-BC3-0415	0	0	0.0740488649343673	0.02780353107803991	0.0830617025424679	0	0	0.06316642810258616	0.12378270283507846	0	0.01941796442325028	0	0.01811623072021287	0.25245577977060557	9.695741342244e-4	0	0.00565667074689165	0	0.2656787990626524	0	0.06584175164962305	0
IMMU-BC3-0421	0	0.1427197808226466	0	0.04550184394337674	0	0.4235878179839187	0	0.06821169296820484	0.20123236594982588	0	0.01808353713243748	0	0.01561835432149289	0.01454305366577735	0	0.00219484255932593	0	0	0	0.06089618159135407	0.00741052906163942	0
IMMU-BC3-0423	0	0.13189610838449736	0	0	0.14422541175753045	0.2633810113057199	0	0.01868065433854222	0.2869365837852849	0	0.02652450306360996	0.01172518057124529	0.02487334584656208	0.0024690667452178	0	0.03320535624773943	0.02720502044289757	7.3165591880873e-4	0	0	0.02814610159234435	0
IMMU-BC3-0428	0	0.04003696650022229	0	0	0	0.4309773726190431	0	1.344949143296e-4	0.22376983199717285	0.01564701660165297	7.5374892728997e-4	0	0.04040540595413881	0.11819943789255372	0	0.01160283013008128	0.00476536809643609	0	0	0	0.11370752636707931	0
IMMU-BC3-0428	0.00996759096445434	0	0.08224051929002102	0.10897222599304698	0	0.3105490158907755	0	0	0.18301952099603813	0	0.02160503144368915	0.0023804301174242	0.12402033333596796	0.10447330163843396	0	0	0	0	0.03931288429864496	0	0.01345914603150371	0
IMMU-BC3-0431	0.099966770530352	0	0.03131890889027373	0.19402099870262943	0	0.3005862169151324	0	0	0.14791959527056517	0	0	0.07022618046615103	0.02788683338673246	0.0677108802740192	0.0062271272987556	0	0	0	0.05413648826538905	0	0	0
IMMU-BC3-0537	0	0.2575476014412604	0	0	0	0.349402219659817	0	0.00857035826284402	0.11531272139541902	0	0	0.06073234667216856	0.04557130318866819	0.10348111973039936	0	0.01541168474412496	0	0	0	0	0.04218851069627635	0.00178213420902222
IMMU-BC3-0542	0.02046994349211263	0	0	0.15863974683456689	0	0.2773269763347956	0	0	0.15198845085345572	0	0	0.0450559340415697	0.15103433685787707	0.14196937757662145	0.03769605769477614	0	0	0	0.01581917631422472	0	0	0
IMMU-BC3-0543	0	0	0.06873614244818646	0.09454983765507792	0	0.37089165571254334	0	0	0.24143189978145008	0	0.05514440618272853	0	0.02059676802374154	0.07873143353354844	0	0	0	0	0	0.04059334092164257	0.02932451574108108	0
IMMU-BC3-0545	0.03635953744116099	0	0.26994837018201395	0.07133369092031148	0	0.09193618215825804	0	0	0.17284903312504182	0	0	0.04966311321022022	0	0.18386321330513844	0.03247810685083354	0.0412875108113585	0	0	0.02213017266275754	0	0	0.02815106933290535
IMMU-BC3-0547	0.06348969239023929	0	0.00836153872979251	0.093189896936785	0.14591419705658518	0.3708653411071692	0	0	0.03072215118103436	0	0	0	0.06260762656464844	0	0	0.03746205066039079	0.04261043981601732	0.0717535102299299	0.00667873524671841	0.03072244899412216	0.01292424841748336	0.02269812266908404
IMMU-BC3-0759	0.01117935969489988	0	0.09280203932307692	0.11199749805594691	0	0.23567200245469752	0	0	0.12562573787983103	0	0.00395620472002634	0.02544665257568423	0.03466169945954462	0.1180389698189695	0.05403814517319463	0	0.10232903150636244	0	0.03296722746156573	0	0.05128543187620023	0
IMMU-BC3-0760	0	0.02295086535768296	0.03223805568610643	0.11893292258587636	0	0.44899636926008496	0	0	0.19519871789473991	0	0.00316376231244749	0	0.03615315055080535	0.0936907966300698	8.7176808556326e-4	0.0114920273889452	8.6060055644772e-4	0	0	0	0.03545096369123055	0
IMMU-BC3-0761	0.00110739178885779	0.04129509685740092	0.03444663856881623	0.07402471408991791	0	0.32528873725234364	0	0	0.13922421799084897	0	0.07864128460852976	0	0.06995553641010875	0.12476857258744473	0.01701977236907725	0.02725110254722299	0.00962099568903859	0	0	0	0.05735593924039231	0
IMMU-BC3-0774	0.09316789528677431	0	0	0.13315396477248723	0	0.3624099012652813	0.02898686712741701	0	0.17493598016306905	0	0.04422580773342106	0	0.02617173919239302	0.05517555167506674	0.01807326130070939	0.05158821812120577	0	0	0	0	0.01211081336217508	0
IMMU-BC3-0787	0	0	0.02192491808783522	0.24271823257619576	0	0.1679292741375323	0	0	0.15153808356895487	0	0.05296362737793476	0.03055416747341433	0.08872777201764713	0.12479276015312564	0	0	0	0	0.01699767844175599	0	0.10185348616560398	0
IMMU-BC3-0788	0	0.02321602635054875	0.01666727013580345	0	0	0.5249042398013369	0	0.05816724530661726	0.17519422755917574	0	0.03469954958418773	0	0.00260324543513328	0.09058467698248177	0	0.00200531319042316	0	0	0.05035789580940243	0	0.01525552713217381	0.00634478271271548
IMMU-BC3-0791	0.0058215247298793	0	0.23623158768952465	0.05408873308008754	0	0.3135440515023619	0	0.01655902910638809	0.12662508849416712	0	0.03073490038028948	0.01561537318739903	0.04716711394088546	0.04599281777251996	0.00377524649452728	0.03914664393690818	0.01808855255745362	0.03266202077210204	0	0	0.01394731635550638	0
IMMU-BC3-0796	0	0	0.04549556719508507	0.1173493309669182	0	0.2968402830031941	0	0.08711358762049257	0.13522255398122837	0	0	0.10415206343444708	0.06002950116148277	0.14189944301436175	0	0	0	0.00860158140131393	0	0	0.0032960882214763	0
IMMU-BC3-0799	0	0.00331422713383178	0	0.13332974572852616	0	0.2851255793938908	0	0	0.19969890419814287	0	0	0.07146388756702346	0.04043541695908133	0.05890353880908844	0.01380446779895942	0.13075302137887815	0	0	0.0631712110325775	0	0	0
IMMU-BC3-0800	0	0.02652579140436787	0.0202421662941116	0.124658686421771	0	0.2778826525179014	0	0	0.16472274999726233	0	0	0.04912154103997438	0.07813422805389807	0.08189064671755465	0	0.15664964504287168	0	0.00679291373171072	0.01337897877857622	0	0	0
IMMU-BC3-0807	0	0.00365096654977147	0.00668863492805763	0.062620081074481	0.06523381688096899	0.03362941991438102	0	0	0.32827178841220056	0.08501157457093522	0	0	0.04514217217654946	0.1997771240924396	0.01865139265838511	0	0	0	0	0	0.15132302874182993	0
IMMU-BC3-0811	0	0.05919702247019244	0.00639620718495191	0.07970171675648581	0	0.33931870416099397	0	0	0.16571484874860476	0	0	0.0639980350682543	0.06676072231981858	0.14423623909345454	0.01971286101051317	0.00860104578463341	0	0	0.00244330920887047	0	0.03452489579540584	0.00939439239782076
IMMU-BC3-0817	0	0.0970962416522225	0.00787466177399218	0.07375925541139156	0	0.22236339349791043	0	0	0.22973254182172845	0	0	0.02299887006224446	0.0014363761045807	0.24013792490618896	0	0.06496423544466016	0	0	0	0.03439189050626241	0.00524460881881829	0
IMMU-BC3-0817	0	0	0	0.04395641636217983	0	0.18261679311581863	0	0.00835717351802181	0.1951532927842058	0	0.04368476543741567	0	0	0.34409410279169206	0	0.08934874548364803	0	0	0	0.05012027517897685	0.04266843532804136	0
IMMU-BC3-0818	0	0.1256190753440195	0.00366528519623063	0.00362761225052163	0	0.5113916389650216	0	0.08009617021389913	0.12606847513344965	0.0186848692471516	0.06897000775938841	0	0	0.02516642138003976	0.0027654882464657	7.75939140211e-6	0.00593176071360046	0	0	0	0.02800543615880971	0
IMMU-BC3-0818	0	0.11325347232583304	0.00176635955821908	0.01775453193937213	0	0.5198515889916132	0	0.04944184219096657	0.10720372845535742	0	0.08432774146277325	0	0.00295362472931409	0.06351972223540366	0.01308929748281694	0	0.00630753001182014	0	0	0	0.01814636112243925	0.00238419949407106
IMMU-BC3-0819	0	0.14174310291518294	0	0.3255242970600648	0	0	0	0	0.2225849572025946	0	0	0.01285393408260743	0.01990659201544128	0.14019224972311253	0	0	0	0.01089899891629546	0	0.04199667937206366	0.08429918871263721	0
IMMU-BC3-0819	0	0.05818878540633431	0	0.06379288430115591	0	0.24562557163221171	0	0	0.3511466355241682	0	0.03352200841602086	0	0	0.13403412681854204	0	0	0	0.00957339857482921	0	0.07471077295734975	0.02940581636938806	0
IMMU-BC3-0820	0.00727276559572473	0	0.04958726353035641	0	0	0.4464161249238891	0	0	0.12100312849028312	0	0.06821908933209964	0	0.03103280952137225	0.126279460211129	0	0.03051867593720565	0	0	0	0.07597274737904465	0.04369793507889524	0
IMMU-BC3-0821	0	0.16669534648218656	0	0.01713498836213442	0	0.2526179657389579	0	0.04411847032423774	0.22363771688234213	0	0	0.11063227760430833	0.06484328136230369	0.08207611854395103	0	0.0106286043940501	3.418921874774e-5	0.00283316804541912	0	0	0.02474787304136149	0
IMMU-BC3-0825	0	0.05275084738450547	0.00757932406218017	0.10192223267654796	0	0.16851453675848144	0	0	0.139174436120251	0	0.09076676581284152	0	0	0.1931739792063865	0	0.09999693846619397	0	0	0	0.11712463704583788	0.0289963024667741	0
IMMU-BC3-0825	0	0	0.1231687479839827	0.03812498555507621	0	0.48606396392399925	0	0.00897978269978675	0.03106024219271739	0	0.08321021323679823	0	0.02411958333321603	0.00127278941585534	4.8184038959799e-4	0.01337538730094417	0	0	0.00798778180773763	0	0.18215468216028832	0
IMMU-BC3-0826	0	0.02971307137865084	0.04100759381375373	0.15437523587279717	0	0.30462175951093873	0	0.04090068113531704	0.199060144185802	0	0.01970350913329936	0.03287244607528304	0.04745924610208422	0.11356767532726184	0.00706807703423953	0	0.00885174835878797	0	0	0	0	7.9881207178466e-4
IMMU-BC3-0828	0	0.11088075636771832	0	0	0	0.3927885375594804	0	0	0.24806303869989205	0.04581665919266328	0	0	0.01693888929399152	0.09940572521796896	0.00229787936224508	0	0.01177433312745552	0	0	0.05276380046932568	0.01927038070925936	0
IMMU-BC3-0830	0.03159583215010044	0	0	0.04652346622740896	0	0.2582548929614175	0	0	0.276002262171198	0	0	0.04821891681521296	0.00590146022021753	0.06350714051110962	0	0.1183890648576893	0	0.00903948470056849	0.03451844321637071	0	0.05134473803369653	0.05670429813500999
IMMU-BC3-0833	0	0.22385743160691393	0	0.15853663728010867	0	0.25782458900751404	0	0.1732153615780228	0.02805632176322017	0	0.01995494137618851	0	0.03380030412218252	0.06230778834493	0	0	0.00790941949365909	0.0044967439172009	0	0	0.0300404615100593	0
IMMU-BC3-0835	0	0.05276427913881987	0	0	0	0.19940624355218545	0	0.05665992226810158	0.0953681444035476	0.0893350727332613	0	0.11764968718353168	0	0.2969441870219536	0	0.06036850604056106	0	0	4.2508231565559e-4	0	0.02034783752243925	0.01073103781994313
IMMU-BC3-0836	0	0.01364524881074117	0.0658952346257232	0.11557337475971992	0	0.44482115308661624	0	0	0.18969285834379057	0	0	0.02185910712603256	0.04290583349177975	0.03683252971254832	0.01241551438110093	0.05635914566194734	0	0	0	0	0	0
IMMU-BC3-0837	0.12332126547610976	0	0.00700631026753303	0	0.06428554182857169	0.17103685220986214	0	0	0.3679363728588551	0	0.09633512354182934	0	0.05692305669396059	0.0876268061442143	0.00679227098387845	0	0	0	0	0	0.01873639999518567	0
IMMU-BC3-0838	0	0.05466920897903241	0	0.09574684520446754	0	0.3155735104574702	0	0	0.16613417007029335	0	0.02260727573147414	0.00718376240810669	0.01365096176194019	0.12275206585233132	0.12184771043918809	0.00929982326637097	0.01535563920934552	0	0.05278413372693275	0	0.00239489289304692	0
IMMU-BC3-0839	0	0.0675510241418114	0	0.0164113986401932	0	0.6171006613099039	0	0.02450705690463726	0.10907869312062018	0	0	0.06805956881943823	0.01210531508593812	0.02211374443113943	0.03632600570486885	0.00783902542421796	0.00281154481155641	0	0.01231046005321641	0	0.00378550155245853	0
IMMU-BC3-0846	0	0.23803928513890224	0	0	0	0.5111305346485572	0	0.0438718129775616	0.09595506588320156	0	0.04438346313482713	0	0.00143660493405876	0.03618523299076887	3.2617210997903e-4	9.2660039944181e-4	0.01327132067064563	0	0.01261491078653649	0	0.00185899632551956	0
IMMU-BC3-0848	0.09840764938399116	0	0.010689469638423	0.02564819195351662	0	0.3899200364072202	0	0	0.11006039200484928	0	0	0.08239893928109143	0.01756970014649759	0.1502856689341446	0	0.06616929690976552	0	0	0.04452091796789724	0	0.00432973737260331	0
IMMU-BC3-0849	0	0.2217393069058499	0	0	0	0.2237731415800452	0	0.13780456306442082	0.12573665764464445	0.01280437497432172	0	0	0.02293860592859882	0.20270480739873897	0	0.00927873779248714	0.00403440577566612	0	0	0	0.03918539893522691	0
IMMU-BC3-0850	0	0.01372124309073922	0	0.26097164611323564	0.2771882888160284	0	0	0	0.17456915946350468	0	0.07731564945145791	0	0	0.10647973590181208	0.00453917450803712	0.01950350624729588	0.01360719930278489	0	0	0	0.04455585702734665	0.00754854007775749
IMMU-BC3-0851	0	0.2568390977920056	0	0	0	0.4223049958911256	0	0.03285295984113186	0.11454779680156726	0	0.0291097267911548	0	0.01738392420269903	0.06707638511771805	0.00710060990841695	0.01001688025067124	0.01340719343102758	0	0.00910051230724059	0	0.02025991766524151	0
IMMU-BC3-0858	0.05241949477785728	0	0.00648822705697252	0.02467023112734595	0.1324036182159645	0.06545347238668067	0	0	0.17702749091297873	0	0.17150521888368545	0	0	0.25087402954442944	0.01055816958732497	0.01462915622792226	0	0	0.05243659599766016	0	0.04153429528117802	0
IMMU-BC3-0873	0	0.00377132724371303	0.08682222729220976	0.00592472738105563	0	0.4492488429655884	0	0	0.06364610509315481	0	0.08818983126540204	0	0.00413179969121323	0.2543965581862167	0.0099247648538938	0	0	0	0	0.03127008513138757	0.00267373089616507	0
IMMU-BC3-0893	0	0.06410513726265699	0.01948061964869873	0	0	0.591277800922149	0	0	0.15328814382163608	0	0	0	0.0636537983974078	0.05500079990875623	0.00176895624717793	0.00957277603688936	0	6.8194510745883e-4	0	0	0.04117002264716912	0
IMMU-BC3-0903	0.05768344271146094	0	0.0205287810939513	0.07349308074294467	0	0.2780725823882034	0	0	0.21675482077745176	0	0	0.1324244628688399	0	0.02114519505961343	0	0.10098829676632784	0	0	0.03463493290105557	0	0.06427440469015126	0
IMMU-BC3-0904	0	0.098628019471545	0	0.15499319365304867	0	0.2170180214721864	0	0	0.24959588117778508	0	0	0.02262740070595701	0.00987608634490415	0.13150071201283323	0.06974951832108657	0.01011985871951071	0.00270088324025115	0	0	0	0.03319042488089231	0
IMMU-BC3-0912	0.03084960940854207	0	0.24646252641751387	0.12923095563897216	0	0.10328041562848898	0	0	0.20684156339054585	0	0.00507968386542448	0.00706925889640938	0.00950460920945432	0.0744229254012658	0.01771311882220719	0.06482089280831838	0	0	0.03680238603450726	0	0.06792205447835026	0
IMMU-BC3-0916	0	0.02109621690747351	0	0.17463025171394045	0	0.11307617804174992	0	0	0.16777922248459812	0	0	0.0450585609535871	0	0.23548312184023024	0.0626813682509413	0.12268761081547833	0	0	0.02412639747531488	0	0.03338107151668616	0
IMMU-BC3-0923	0.0838364027352482	0	0.01592360155964976	0.10200383654739884	0	0.20656340364947837	0	0	0.17379649247394102	0	0	0.06099178153689187	0.02497464580584128	0.10460863034632932	0	0.1657398403983861	0	0	0.03992623922888698	0	0.02163512571794817	0
IMMU-BC3-0929	0.03063206857489826	0	0.10861369120611508	0.08572242475184881	0	0.34699999917136193	0	0	0.217298874042574	0	0	0.05658505579448514	0.04983136505018387	0.01982342578397405	0.03995652467912036	0.04453657094543848	0	0	0	0	0	0
IMMU-BC3-0935	0	0.01510363003430473	0.10747571238552556	0.0722915044194555	0	0.30671009625264356	0	0	0.2902273438297246	0	0.03554025053580663	0	0.01245748742574809	0.051108071863221	0	0	0	0.03486810775100087	0	0.06807727578687817	0.00614051971569127	0
IMMU-BC3-0937	0	0.1594799459675004	0	0	0	0.38749719742397526	0	0.01026629699028925	0.2841934133760297	0	0.01269262884990421	0	0.03121956981429936	0.07831666061892285	0	0	0.00480248400553396	4.6751426697399e-4	0	0.03106428868657084	0	0
IMMU-BC3-0938	0	0.17812451713089344	0	0.1355640106224508	0	0.3233965653388516	0	0	0.18234654878321616	0	0	0.0163528394017262	0.04666555053115714	0.03778898026581502	0	0	7.6900388963652e-4	0	0.07647523627573333	0	0.00251674776051977	0
IMMU-BC3-0944	0.07020128994755957	0	0.00992860365779267	0.04987033608416042	0	0.3580535140589535	0	0	0.18504743508415208	0	0	0	0.2132518805416548	0.08398728558080641	0.01335816123230112	0	0	0	0	0	0.0163014938126194	0
IMMU-BC3-1001	0.06399164632786063	0	0.0923544825235274	0.08273910252996848	0	0.28233531945711743	0	0	0.25545454465962475	0	0.03052299580651095	0	0.04026268486821367	0.08544811695181471	0	0	0	0.02991264553040229	0.01398724387631749	0	0.02299121746864221	0
IMMU-BC3-1033	0	0.1188079592051571	0	0	0	0.4561342417465776	0	0.00664129007801058	0.11469089982111616	0.0145801522310683	0.098403708485706	0	0.01153437285504605	0.03953745074026013	0	0.08710823914961528	0	0.00255517314984027	0	0	0.05000651253760247	0
IMMU-BC3-1063	0	0.12846361216746546	0	0	0	0.4260898921362358	0	0.07373465066058667	0.23867057327165023	0.0168618515234395	0.05692837118760047	0	0	0.03874325936058463	0	0	0	0.00357881469181938	0.00457434519625619	0	0.01235462980436156	0
