Mixture	B cells naive	B cells memory	Plasma cells	T cells CD8	T cells CD4 naive	T cells CD4 memory resting	T cells CD4 memory activated	T cells follicular helper	T cells regulatory (Tregs)	T cells gamma delta	NK cells resting	NK cells activated	Monocytes	Macrophages M0	Macrophages M1	Macrophages M2	Dendritic cells resting	Dendritic cells activated	Mast cells resting	Mast cells activated	Eosinophils	Neutrophils	P-value	Correlation	RMSE
IMMU-BC3-0099	0.00000000000000000	0.18221640685106724	0.00000000000000000	0.00000000000000000	0.00000000000000000	0.39672215649022335	0.00000000000000000	0.00858847529261548	0.21977637995923277	0.00000000000000000	0.02669562427900555	0.00000000000000000	0.01861411579393727	0.11389090685901541	0.00000000000000000	0.00000000000000000	0.00863425024652078	0.00000000000000000	0.00000000000000000	0.00889325089840478	0.01596843332997718	0.00000000000000000	0.00000000000000000	0.05517857619015300	1.09205078020415614
IMMU-BC3-0101	0.10880533709391314	0.00000000000000000	0.00058276053169682	0.07528880317909481	0.00000000000000000	0.47716464836683814	0.00000000000000000	0.00000000000000000	0.16763856580765782	0.00000000000000000	0.00000000000000000	0.03296376853623600	0.05361192442104564	0.01837437077959688	0.01738182032608679	0.00000000000000000	0.01813964009658251	0.00000000000000000	0.00000000000000000	0.00000000000000000	0.02789972109213177	0.00214863976911968	0.00000000000000000	0.04200740683876891	1.11634963657639097
IMMU-BC3-0109	0.00000000000000000	0.16124368980847714	0.01613793999873077	0.07893149181082719	0.00000000000000000	0.38870007447308841	0.00000000000000000	0.00000000000000000	0.14144165036995116	0.00000000000000000	0.03217761002733947	0.00000000000000000	0.02909203102686464	0.04137913541640498	0.03719589684662971	0.06396914426457875	0.00086179560775153	0.00000000000000000	0.00000000000000000	0.00000000000000000	0.00886954034935627	0.00000000000000000	0.00000000000000000	0.08075975616169551	1.07549277365512808
IMMU-BC3-0111	0.00885582186246474	0.00000000000000000	0.03276634753950494	0.18365105702172671	0.00000000000000000	0.14780295101069524	0.00000000000000000	0.00000000000000000	0.24575550913953284	0.00000000000000000	0.01786332836387386	0.06554447034225039	0.10386069697847750	0.09537057153955267	0.00000000000000000	0.08242091365841002	0.00000000000000000	0.00000000000000000	0.01610833254351115	0.00000000000000000	0.00000000000000000	0.00000000000000000	0.00000000000000000	0.02442195306447945	1.10002536074926338
IMMU-BC3-0113	0.00000000000000000	0.00000000000000000	0.05969734622576722	0.06692714007829681	0.00000000000000000	0.40629487119803176	0.00000000000000000	0.00000000000000000	0.22886836108784911	0.00000000000000000	0.04762931260117381	0.00000000000000000	0.01195876698033150	0.08576078654153216	0.00000000000000000	0.01427335113624109	0.00000000000000000	0.00000000000000000	0.00000000000000000	0.06704500113566271	0.01154506301511382	0.00000000000000000	0.00000000000000000	0.00024866315878293	1.12436340428578507
IMMU-BC3-0119	0.00000000000000000	0.00000000000000000	0.00583740346260147	0.12825305034815160	0.00000000000000000	0.12418970255287892	0.00000000000000000	0.00000000000000000	0.47276569311414152	0.00000000000000000	0.00895432957012755	0.00085068507347916	0.02521847202765671	0.13834196368010696	0.00000000000000000	0.03008819383132921	0.00000000000000000	0.00268619063884223	0.00000000000000000	0.00000000000000000	0.06281431570068464	0.00000000000000000	0.00000000000000000	0.01565138292117572	1.12501058641213891
IMMU-BC3-0124	0.00000000000000000	0.21043396461252517	0.00000000000000000	0.01388734876148184	0.00000000000000000	0.26088017418344994	0.00000000000000000	0.00000000000000000	0.19403965446503230	0.00000000000000000	0.04912595717725429	0.00000000000000000	0.01895560280513462	0.14666052912207039	0.00000000000000000	0.00000000000000000	0.06635204724476659	0.03231475119695349	0.00000000000000000	0.00000000000000000	0.00734997043133123	0.00000000000000000	0.00000000000000000	0.07388451682869090	1.06331465225618405
IMMU-BC3-0126	0.00000000000000000	0.02593683321889801	0.03541024041133166	0.18053165144390956	0.00000000000000000	0.22076423753563323	0.00000000000000000	0.00000000000000000	0.26041961132151409	0.00000000000000000	0.06223846338754300	0.00000000000000000	0.04727046974200575	0.10687475723490704	0.00000000000000000	0.00000000000000000	0.00000000000000000	0.00929235657299215	0.03630359991691347	0.00000000000000000	0.01495777921435201	0.00000000000000000	0.00000000000000000	-0.00133750203591368	1.11974240219600762
IMMU-BC3-0138	0.00000000000000000	0.00000000000000000	0.03926829453457027	0.00000000000000000	0.00000000000000000	0.36180745409467546	0.00000000000000000	0.04045653934697487	0.23058435383730572	0.05222625610230933	0.00000000000000000	0.01618055934444617	0.00000000000000000	0.18333835316289054	0.00000000000000000	0.00000000000000000	0.00869238127836450	0.01293253140549526	0.00000000000000000	0.05451327689296782	0.00000000000000000	0.00000000000000000	0.00000000000000000	0.00653734069006108	1.11668252489340603
IMMU-BC3-0139	0.00000000000000000	0.14707214480712077	0.00000000000000000	0.00000000000000000	0.00000000000000000	0.46617717216819132	0.00000000000000000	0.05736519858861282	0.10516722219977860	0.02762463525061428	0.04138169051226335	0.00000000000000000	0.01706475719652258	0.07412039481760739	0.00718309812914218	0.01523542951801720	0.00503591556677752	0.00000000000000000	0.00000000000000000	0.00000000000000000	0.03657234124535195	0.00000000000000000	0.00000000000000000	0.04725545076521110	1.09956767470984818
IMMU-BC3-0147	0.00000000000000000	0.06474851906890082	0.01992238836794903	0.00000000000000000	0.00000000000000000	0.44160030366344949	0.00000000000000000	0.00000000000000000	0.23135352223826228	0.00000000000000000	0.01670271751320751	0.00000000000000000	0.00367012470405296	0.04899529693926320	0.00428204367864449	0.01388371404560702	0.00007337066692989	0.00025923506231865	0.00000000000000000	0.10027881000769141	0.05422995404372331	0.00000000000000000	0.00000000000000000	-0.00458039629680904	1.12100696091941643
IMMU-BC3-0152	0.00000000000000000	0.00000000000000000	0.00245063171669716	0.00000000000000000	0.00000000000000000	0.39132951081485134	0.00000000000000000	0.00000000000000000	0.18260426136852001	0.00000000000000000	0.01564893239301721	0.00000000000000000	0.00000000000000000	0.07726904399062626	0.00000000000000000	0.24782840324164759	0.00000000000000000	0.00000000000000000	0.00000000000000000	0.00042572483467473	0.08244349163996562	0.00000000000000000	0.00000000000000000	0.01984171779911263	1.09771093871231318
IMMU-BC3-0154	0.00000000000000000	0.08936094448808647	0.00000000000000000	0.00000000000000000	0.00000000000000000	0.15941193668301265	0.00000000000000000	0.18789323954244624	0.17244823260945302	0.03748729733461071	0.00519372022040980	0.00247233470377280	0.00000000000000000	0.21968688352315985	0.01424049724772780	0.01596686220372428	0.00000000000000000	0.00000000000000000	0.06987376915402499	0.00000000000000000	0.02596428228957156	0.00000000000000000	0.00000000000000000	0.06009284934576687	1.07425008951977685
IMMU-BC3-0154	0.00000000000000000	0.03964423234522402	0.00570985768702240	0.00000000000000000	0.00000000000000000	0.38948162871129371	0.00000000000000000	0.00841290659960479	0.26680752575351924	0.00000000000000000	0.00000000000000000	0.00000000000000000	0.06123859433206174	0.09808902169588479	0.01167094064810951	0.04138847187413752	0.00000000000000000	0.00000000000000000	0.04974575479378392	0.00000000000000000	0.02781106555935854	0.00000000000000000	0.00000000000000000	0.01221432273664000	1.10442708114586652
IMMU-BC3-0155	0.02711687285673497	0.00000000000000000	0.00167700412130073	0.02427862825385936	0.00000000000000000	0.37297941282359193	0.00000000000000000	0.00000000000000000	0.28617591420979294	0.00000000000000000	0.07442446079524004	0.00000000000000000	0.05345047452881992	0.06326268620189281	0.00537322978321886	0.05372895966080312	0.00000000000000000	0.00000000000000000	0.00000000000000000	0.03663046010970923	0.00090189665503613	0.00000000000000000	0.00000000000000000	0.04016725988461436	1.10551926164356362
IMMU-BC3-0165	0.00000000000000000	0.03897904187216249	0.00000000000000000	0.01710989359820483	0.00000000000000000	0.49606581366405983	0.00000000000000000	0.00000000000000000	0.17008377522454143	0.00000000000000000	0.05672992477814025	0.00257108987447925	0.08307701152974216	0.07772541828564697	0.05701011715515302	0.00000000000000000	0.00000000000000000	0.00000000000000000	0.00064791401786986	0.00000000000000000	0.00000000000000000	0.00000000000000000	0.00000000000000000	0.05938513974655459	1.09911034455788115
IMMU-BC3-0168	0.00000000000000000	0.08232618492030350	0.00000000000000000	0.37720192210476250	0.00076813116931032	0.27424052618487654	0.00000000000000000	0.00000000000000000	0.09899476045774026	0.00000000000000000	0.00000000000000000	0.00000000000000000	0.06159521526610994	0.06131717064762599	0.00290264830416114	0.00235588638119333	0.00000000000000000	0.00000000000000000	0.00000000000000000	0.00000000000000000	0.03829755456391651	0.00000000000000000	0.00000000000000000	0.03660907337555561	1.12962370477541740
IMMU-BC3-0171	0.00000000000000000	0.06615459831581784	0.00000000000000000	0.11731143684077038	0.00000000000000000	0.46285527823248057	0.00000000000000000	0.00000000000000000	0.20831568299120226	0.00000000000000000	0.00000000000000000	0.03450102757882882	0.05544805138072536	0.04752271476769290	0.00760704881609576	0.00028416107638616	0.00000000000000000	0.00000000000000000	0.00000000000000000	0.00000000000000000	0.00000000000000000	0.00000000000000000	0.00000000000000000	0.08343163395883087	1.10899481110275455
IMMU-BC3-0177	0.00523863104651966	0.17140111503325520	0.00000000000000000	0.20937622427733626	0.00000000000000000	0.31652289674065359	0.00000000000000000	0.00000000000000000	0.15645786728367986	0.00000000000000000	0.02600313929498618	0.00514259969590505	0.01394881744465780	0.03128039372662616	0.04866820085416797	0.00000000000000000	0.00000000000000000	0.00000000000000000	0.00000000000000000	0.00199993864310903	0.01396017595910325	0.00000000000000000	0.00000000000000000	0.00942400927669100	1.13120823595006970
IMMU-BC3-0181	0.00000000000000000	0.20751561078200309	0.00000000000000000	0.00000000000000000	0.00000000000000000	0.40144589208746700	0.00000000000000000	0.04469696341957557	0.14946369459188807	0.00000000000000000	0.02646903820789122	0.00000000000000000	0.03116637869404212	0.01643478036572499	0.00000000000000000	0.06481311803404495	0.00000000000000000	0.02585747722656373	0.00000000000000000	0.00000000000000000	0.03213704659079931	0.00000000000000000	0.00000000000000000	0.00762053897700798	1.10727304498821599
IMMU-BC3-0187	0.00000000000000000	0.06380769905347064	0.00000000000000000	0.25700892212241311	0.00000000000000000	0.08725319055369535	0.00000000000000000	0.08223652796579271	0.25862173428257740	0.00000000000000000	0.00000000000000000	0.00000000000000000	0.06152925306426182	0.10058287467662236	0.01401177878590442	0.02729987723266170	0.00000000000000000	0.00000000000000000	0.00000000000000000	0.00000000000000000	0.04764814226260059	0.00000000000000000	0.00000000000000000	0.10066142165020818	1.07170977333283313
IMMU-BC3-0188	0.04719918588986944	0.00000000000000000	0.01912916683435888	0.12928107031931613	0.00000000000000000	0.22259751859539550	0.00000000000000000	0.00000000000000000	0.25836044059134922	0.00000000000000000	0.00000000000000000	0.08100553622577981	0.01734520537812248	0.14507035380272745	0.01666296356421605	0.05055827420913260	0.00000000000000000	0.00220186601822056	0.00585547923446725	0.00000000000000000	0.00473293933704469	0.00000000000000000	0.00000000000000000	0.03069764508158657	1.10637114552215521
IMMU-BC3-0189	0.00000000000000000	0.11568697063711535	0.00000000000000000	0.00000000000000000	0.07349484102613872	0.15913726564035566	0.00000000000000000	0.00000000000000000	0.47461119557501669	0.01496608232340075	0.04055982859342260	0.00000000000000000	0.00904665341429092	0.05256149941698887	0.00000000000000000	0.00636962365583306	0.00000000000000000	0.00000000000000000	0.00000000000000000	0.00000000000000000	0.05356603971743731	0.00000000000000000	0.00000000000000000	0.07692709147588413	1.10220154975948459
IMMU-BC3-0190	0.00000000000000000	0.05187407788583906	0.00000000000000000	0.00000000000000000	0.00000000000000000	0.45279452905209711	0.00000000000000000	0.00000000000000000	0.23581168911208591	0.00000000000000000	0.00000000000000000	0.00000000000000000	0.05607846049538550	0.08882712783238042	0.00000000000000000	0.02977667646487050	0.00000000000000000	0.00000000000000000	0.00000000000000000	0.07496623869669128	0.00548651114639220	0.00438468931425796	0.00000000000000000	0.02095107733103302	1.10939085226848766
IMMU-BC3-0198	0.00000000000000000	0.20842440096769937	0.05147361897310766	0.05481041040358080	0.00000000000000000	0.29036602213090185	0.00000000000000000	0.00000000000000000	0.10566181804121996	0.00000000000000000	0.00000000000000000	0.13098862795509947	0.00000000000000000	0.10308240259310023	0.00000000000000000	0.00996909304396642	0.01285550641811437	0.00000000000000000	0.00000000000000000	0.00000000000000000	0.02100657756702887	0.01136152190618103	0.00000000000000000	0.06212747022248970	1.08535961659456581
IMMU-BC3-0199	0.00000000000000000	0.07429139273656495	0.00288855933752038	0.00000000000000000	0.00000000000000000	0.41873832017873663	0.00000000000000000	0.00000000000000000	0.13925911155799531	0.09502876357037403	0.00000000000000000	0.00000000000000000	0.03623836564103617	0.11134518521362101	0.00000000000000000	0.02620008841279327	0.03915536726715226	0.00000000000000000	0.00000000000000000	0.03808174921010056	0.00294269182995846	0.01583040504414716	0.00000000000000000	0.01648182045024954	1.10187017171270463
IMMU-BC3-0200	0.00000000000000000	0.02353602834284653	0.00031242078575797	0.00000000000000000	0.00000000000000000	0.44966089518908259	0.00000000000000000	0.00000000000000000	0.37290799681390185	0.00000000000000000	0.00741879813244738	0.00000000000000000	0.02446031115879955	0.07934993449238517	0.00000000000000000	0.01266238798654475	0.00086589098733996	0.00000000000000000	0.00000000000000000	0.00000000000000000	0.02882533611089453	0.00000000000000000	0.00000000000000000	0.04938898650961895	1.12637151714556727
IMMU-BC3-0204	0.04522070285369388	0.07282644710727131	0.00000000000000000	0.00772875522064047	0.00000000000000000	0.25504398848421939	0.04850876505151473	0.07445374726484123	0.17250396533712614	0.00000000000000000	0.01221101273187011	0.00954023146934456	0.01732695310597875	0.23987235928357870	0.00611150636130565	0.02827400134110887	0.00000000000000000	0.00000000000000000	0.01037756438750619	0.00000000000000000	0.00000000000000000	0.00000000000000000	0.00000000000000000	0.09732673467450666	1.06150583055133030
IMMU-BC3-0212	0.00000000000000000	0.05990563264165333	0.00000000000000000	0.00000000000000000	0.05747157185047955	0.26676387235226495	0.00000000000000000	0.00000000000000000	0.39330506884532457	0.00000000000000000	0.00000000000000000	0.00000000000000000	0.02139098073795335	0.08329835992243022	0.00000000000000000	0.00000000000000000	0.00000000000000000	0.00450045178713659	0.00000000000000000	0.00000000000000000	0.11336406186275746	0.00000000000000000	0.00000000000000000	0.05259004053720084	1.10447307048287291
IMMU-BC3-0220	0.00000000000000000	0.00825568266224094	0.00000000000000000	0.13220049112463070	0.00000000000000000	0.39099480028813166	0.00000000000000000	0.02892804770623841	0.31885725885040167	0.00000000000000000	0.00000000000000000	0.00000000000000000	0.08903516938954789	0.00000000000000000	0.00000000000000000	0.00000000000000000	0.00000000000000000	0.01757471066422854	0.00000000000000000	0.00000000000000000	0.01415383931458021	0.00000000000000000	0.00000000000000000	0.01945269254006576	1.15167279447861981
IMMU-BC3-0221	0.00000000000000000	0.10416391244524294	0.00000000000000000	0.00000000000000000	0.00000000000000000	0.14594257611342024	0.00000000000000000	0.01840927688537409	0.27504621304957805	0.01356157163470439	0.00000000000000000	0.07659987692935505	0.00000000000000000	0.23577575567716672	0.00000000000000000	0.01830183130078706	0.00165869164390586	0.00000000000000000	0.00000000000000000	0.09254480115572077	0.01799549316474481	0.00000000000000000	0.00000000000000000	0.02390522605111548	1.10053226968712936
IMMU-BC3-0222	0.00000000000000000	0.03983399689593672	0.04515969492912533	0.15091689075334722	0.00000000000000000	0.00000000000000000	0.00000000000000000	0.00000000000000000	0.15153678068810683	0.00000000000000000	0.03630891853595096	0.00000000000000000	0.04946301508810743	0.30975704832717893	0.00866258438641004	0.00000000000000000	0.01178587378551213	0.00000000000000000	0.14046567737138782	0.00000000000000000	0.05610951923893656	0.00000000000000000	0.00000000000000000	-0.00224560232535703	1.09267323585242671
IMMU-BC3-0230	0.00000000000000000	0.01503520645166340	0.00000000000000000	0.18470233895755114	0.00000000000000000	0.25708976163713382	0.00000000000000000	0.00000000000000000	0.15012507436148043	0.00000000000000000	0.01353134068717382	0.00000000000000000	0.01387390530749266	0.10335862202110620	0.02337349988887283	0.02869989937093193	0.00000000000000000	0.00000000000000000	0.00000000000000000	0.02803840219943272	0.18217194911716111	0.00000000000000000	0.00000000000000000	-0.00301192451144589	1.11068256116598496
IMMU-BC3-0233	0.00000000000000000	0.26711636669718936	0.00000000000000000	0.00000000000000000	0.00000000000000000	0.37814580963433253	0.00000000000000000	0.00000000000000000	0.19922196807961989	0.08023402084701681	0.00000000000000000	0.00000000000000000	0.00000000000000000	0.03363719434745097	0.00000000000000000	0.00000000000000000	0.00754127490820249	0.00000000000000000	0.00000000000000000	0.01317306861604715	0.02093029687014088	0.00000000000000000	0.00000000000000000	0.03297125222523169	1.11155545117658150
IMMU-BC3-0234	0.04623440717661891	0.00000000000000000	0.00281369829128096	0.08952866684028542	0.00000000000000000	0.14083720700109717	0.00000000000000000	0.00000000000000000	0.31118805380213621	0.00000000000000000	0.00000000000000000	0.11656268113894150	0.00000000000000000	0.16891706084214256	0.00000000000000000	0.11852982481010733	0.00000000000000000	0.00000000000000000	0.00538840009738997	0.00000000000000000	0.00000000000000000	0.00000000000000000	0.00000000000000000	0.01112575943316064	1.11873546976417826
IMMU-BC3-0235	0.00000000000000000	0.00825455651735646	0.05816668706241816	0.00000000000000000	0.15250831851416125	0.29646562937017873	0.00000000000000000	0.00000000000000000	0.26198224782384572	0.00000000000000000	0.00000000000000000	0.00051027673980162	0.00000000000000000	0.12666510522818028	0.00295132128191118	0.01432786608699980	0.00000000000000000	0.00000000000000000	0.06223399115308113	0.00000000000000000	0.01593400022206572	0.00000000000000000	0.00000000000000000	-0.01193634001084456	1.12578409089819975
IMMU-BC3-0238	0.00000000000000000	0.00000000000000000	0.01122590524315109	0.00000000000000000	0.00000000000000000	0.24336752623085064	0.00000000000000000	0.00000000000000000	0.33831931538478410	0.02798727179125908	0.00000000000000000	0.00110000457622230	0.00221789919816509	0.17494197333926184	0.00000000000000000	0.03331981556400979	0.00309038295299456	0.00000000000000000	0.09060270529350463	0.00000000000000000	0.07382720042579677	0.00000000000000000	0.00000000000000000	0.03817174035714588	1.08876557987089795
IMMU-BC3-0239	0.00000000000000000	0.00790738212918509	0.00000000000000000	0.05661866070140218	0.00000000000000000	0.35249880577113979	0.00000000000000000	0.00000000000000000	0.19074328268711269	0.00000000000000000	0.00000000000000000	0.06008688454278511	0.07476208177063567	0.15800016310113979	0.00000000000000000	0.02812081648421113	0.06437240657704611	0.00000000000000000	0.00000000000000000	0.00688951623534253	0.00000000000000000	0.00000000000000000	0.00000000000000000	0.04078719169254087	1.09484122462362410
IMMU-BC3-0240	0.00000000000000000	0.07466653949310310	0.00000000000000000	0.07729943797286529	0.00000000000000000	0.53894157861022174	0.00000000000000000	0.00000000000000000	0.16671128108578728	0.00000000000000000	0.00000000000000000	0.00000000000000000	0.05135251200650670	0.06993928720380216	0.00359963638340930	0.00000000000000000	0.00023380443479619	0.00000000000000000	0.00000000000000000	0.00000000000000000	0.01725592280950818	0.00000000000000000	0.00000000000000000	0.01018033717296962	1.13997990723890963
IMMU-BC3-0241	0.01737888485748958	0.00000000000000000	0.00000000000000000	0.09418141150646969	0.00000000000000000	0.09944011988053245	0.00000000000000000	0.02664749160054697	0.35296192773738094	0.00000000000000000	0.01709779703200293	0.02408344305737059	0.05017957121416742	0.09802740778018773	0.00000000000000000	0.00000000000000000	0.00761161067074080	0.03490978044434564	0.00000000000000000	0.04324161944508472	0.13423893477368065	0.00000000000000000	0.00000000000000000	0.01351498288001190	1.09938381639560823
IMMU-BC3-0251	0.00000000000000000	0.03764319652404214	0.00000000000000000	0.00000000000000000	0.00000000000000000	0.24196419612313658	0.00000000000000000	0.00000000000000000	0.24728690759594421	0.00000000000000000	0.01183668080445519	0.00000000000000000	0.00000000000000000	0.27995903092164237	0.00000000000000000	0.01316548371732607	0.00000000000000000	0.05814803617910674	0.00000000000000000	0.00000000000000000	0.00000000000000000	0.10999646813434681	0.00000000000000000	0.05839880179589765	1.09033367317810970
IMMU-BC3-0251	0.00655913188075672	0.00000000000000000	0.01333583479767790	0.00000000000000000	0.00000000000000000	0.53338843207549114	0.00000000000000000	0.00000000000000000	0.00000000000000000	0.00000000000000000	0.03971658346114634	0.00000000000000000	0.06442949201235301	0.11215141353821512	0.00000000000000000	0.05543875746645708	0.00000000000000000	0.00643187475452420	0.06038652602386716	0.00000000000000000	0.10816195398951149	0.00000000000000000	0.00000000000000000	0.01597182983209528	1.09464424428005236
IMMU-BC3-0255	0.00000000000000000	0.14826140213766487	0.00000000000000000	0.01693486759925000	0.00000000000000000	0.33918958306212171	0.00000000000000000	0.00000000000000000	0.23536741348767690	0.00000000000000000	0.00000000000000000	0.00000000000000000	0.03167263475073267	0.08899494916970552	0.01010845287303441	0.04514099261261441	0.00000000000000000	0.00000000000000000	0.07048185099811641	0.00000000000000000	0.01384785330908324	0.00000000000000000	0.00000000000000000	0.09472618460248414	1.06050447211690124
IMMU-BC3-0256	0.00000000000000000	0.00000000000000000	0.00546850429500097	0.16788721943262949	0.00000000000000000	0.35844549597277925	0.00000000000000000	0.00012987166107062	0.18868218136365603	0.00000000000000000	0.00000000000000000	0.04601154675499787	0.03892447490438809	0.16068553782704492	0.00000000000000000	0.00000000000000000	0.00000000000000000	0.00000000000000000	0.00000000000000000	0.02829785061601791	0.00546731717241483	0.00000000000000000	0.00000000000000000	0.04728115230117799	1.11466478422226878
IMMU-BC3-0262	0.00000000000000000	0.15936364649466797	0.00000000000000000	0.00000000000000000	0.00000000000000000	0.30753883631089496	0.00000000000000000	0.00000000000000000	0.22117965176327706	0.00000000000000000	0.00000000000000000	0.00000000000000000	0.02939285990933507	0.14432017630651622	0.00221282522319246	0.00000000000000000	0.00402933393686914	0.00000000000000000	0.08787683521099991	0.00000000000000000	0.04408583484424717	0.00000000000000000	0.00000000000000000	-0.01494858430875204	1.10027511219190455
IMMU-BC3-0263	0.00000000000000000	0.04895781540759359	0.00478236669502277	0.00000000000000000	0.00000000000000000	0.57471835036655849	0.00000000000000000	0.06419783397347598	0.19545638522917960	0.00000000000000000	0.00000000000000000	0.03487696381124501	0.00250142840724294	0.00540007701114519	0.00000000000000000	0.00335842463147864	0.00076906908280529	0.00000000000000000	0.00000000000000000	0.05801789252969076	0.00564373557870664	0.00131965727585508	0.00000000000000000	0.01433181529819083	1.15551611993641501
IMMU-BC3-0263	0.02002714888375979	0.00000000000000000	0.05512445085236665	0.03999312387286988	0.00000000000000000	0.50170632898309653	0.00000000000000000	0.00000000000000000	0.06187486867736598	0.00000000000000000	0.00607872037576923	0.00000000000000000	0.03736723418649736	0.04814621683199648	0.00000000000000000	0.01466008330552581	0.00000000000000000	0.00000000000000000	0.08853254617735348	0.00000000000000000	0.12648927785339895	0.00000000000000000	0.00000000000000000	0.01809967670387058	1.09709093386589851
IMMU-BC3-0267	0.00000000000000000	0.01502207633818924	0.00000000000000000	0.10438461961999816	0.00000000000000000	0.29710590543065440	0.00000000000000000	0.00000000000000000	0.24432276984911333	0.00000000000000000	0.00000000000000000	0.03821851638053211	0.00943091006640456	0.02836713070442910	0.00000000000000000	0.00000000000000000	0.00000000000000000	0.00000000000000000	0.18043304548131486	0.00000000000000000	0.08271502612936429	0.00000000000000000	0.00000000000000000	-0.04534732760426606	1.14049733984143331
IMMU-BC3-0269	0.13656661898873487	0.00000000000000000	0.00538385076638153	0.00000000000000000	0.00000000000000000	0.31441543438560204	0.00000000000000000	0.05535670801965305	0.16136231605700696	0.00000000000000000	0.07801224673313836	0.00000000000000000	0.00000000000000000	0.13697678740986960	0.00000000000000000	0.06245552555586999	0.00000000000000000	0.01279942391406936	0.03264581609619220	0.00000000000000000	0.00402527207348198	0.00000000000000000	0.00000000000000000	0.04750539455457955	1.08113768217834538
IMMU-BC3-0272	0.03631228853545678	0.00000000000000000	0.00366968431968736	0.08496670122871816	0.00000000000000000	0.33757111628466779	0.00000000000000000	0.00000000000000000	0.14892716694029950	0.00000000000000000	0.08634428726242561	0.00000000000000000	0.00618766403915896	0.13314315047027495	0.05873062893072073	0.03677528403165877	0.00000000000000000	0.00000000000000000	0.00000000000000000	0.06610570781766865	0.00126632013926265	0.00000000000000000	0.00000000000000000	-0.01237998365567092	1.11888526732576565
IMMU-BC3-0273	0.09677463497361546	0.00000000000000000	0.00543253838382853	0.17808004855361728	0.00000000000000000	0.28284228714026272	0.00000000000000000	0.00000000000000000	0.23911868508187814	0.00000000000000000	0.04446728993378984	0.00000000000000000	0.02751867205371122	0.05271516345646798	0.00000000000000000	0.00000000000000000	0.00000000000000000	0.00000000000000000	0.00000000000000000	0.04779795528087584	0.02525272514195321	0.00000000000000000	0.00000000000000000	0.04255724561542507	1.11108980558575610
IMMU-BC3-0274	0.05232653224073233	0.00000000000000000	0.00221300810498854	0.00000000000000000	0.00000000000000000	0.24238864840934385	0.00000000000000000	0.00000000000000000	0.18821092239641923	0.00000000000000000	0.00000000000000000	0.05424997198580168	0.10733117299267976	0.24457849877750737	0.00391281683511921	0.08974795115137951	0.00000000000000000	0.00000000000000000	0.01504047710602870	0.00000000000000000	0.00000000000000000	0.00000000000000000	0.00000000000000000	0.03283930596251686	1.08729667159385612
IMMU-BC3-0275	0.01101217045454224	0.00000000000000000	0.01375983286384285	0.16410308361523451	0.00000000000000000	0.22506722286261738	0.00000000000000000	0.15115115117427469	0.17414950699958601	0.00000000000000000	0.00000000000000000	0.01598578081807900	0.03692512279747455	0.07880748900365689	0.00000000000000000	0.01222229169940034	0.00000000000000000	0.00000000000000000	0.00000000000000000	0.06922486636125533	0.04759148135003628	0.00000000000000000	0.00000000000000000	0.02969893069467285	1.10951540531111248
IMMU-BC3-0275	0.00000000000000000	0.05991706219892180	0.00000000000000000	0.13614284926303491	0.00000000000000000	0.35152088375035767	0.00000000000000000	0.00000000000000000	0.14609997733410734	0.00000000000000000	0.00792955021680366	0.01017078909958698	0.01352471878285973	0.14165968787221755	0.00000000000000000	0.00000000000000000	0.00000000000000000	0.00000000000000000	0.00000000000000000	0.02216998933867328	0.11086449214343704	0.00000000000000000	0.00000000000000000	0.00301008165702747	1.11523528841607678
IMMU-BC3-0276	0.00000000000000000	0.00000000000000000	0.00783732941913077	0.00000000000000000	0.00000000000000000	0.22529176038999152	0.12662303053495685	0.00000000000000000	0.15668165393296637	0.06091386496452733	0.02189315246404189	0.00000000000000000	0.00000000000000000	0.00000000000000000	0.00000000000000000	0.17584139188263107	0.00000000000000000	0.07518968748893912	0.00000000000000000	0.00000000000000000	0.14972812892281506	0.00000000000000000	0.00000000000000000	-0.04526032316509258	1.10444909236303346
IMMU-BC3-0278	0.00000000000000000	0.03774111766917068	0.00228291046421675	0.00000000000000000	0.00000000000000000	0.45923425202423740	0.00000000000000000	0.08495365212491085	0.15086507062953319	0.00000000000000000	0.01441708335055500	0.00000000000000000	0.01911797068314060	0.09145956111869005	0.00500591587031240	0.04280542895024513	0.00162413790502898	0.00000000000000000	0.07304533835912827	0.00000000000000000	0.01744756085083062	0.00000000000000000	0.00000000000000000	-0.01006995536695727	1.12227395202741964
IMMU-BC3-0281	0.01684399801779085	0.00000000000000000	0.00058557076506032	0.14995833152308949	0.00000000000000000	0.08778210318015026	0.00534564707144315	0.00000000000000000	0.19977333219739690	0.00000000000000000	0.00000000000000000	0.10934511862926101	0.00000000000000000	0.11773485610584879	0.00000000000000000	0.08051935582279118	0.00000000000000000	0.00000000000000000	0.08270105181522575	0.00000000000000000	0.14941063487194242	0.00000000000000000	0.00000000000000000	-0.00624424861794684	1.10631984324531518
IMMU-BC3-0281	0.11632125054333702	0.00000000000000000	0.00000000000000000	0.14985913200510051	0.00000000000000000	0.15583506811787634	0.15079488839984947	0.00000000000000000	0.10363541825848492	0.00000000000000000	0.00438020943150409	0.00000000000000000	0.01158082146478953	0.07207270993293798	0.00145387175822679	0.06394286714149017	0.00000000000000000	0.00000000000000000	0.03510615377779494	0.00000000000000000	0.13501760916860817	0.00000000000000000	0.00000000000000000	0.05848503004409583	1.06086188272940407
IMMU-BC3-0286	0.00000000000000000	0.07802852646113896	0.00000000000000000	0.13542213787935004	0.00000000000000000	0.31834188157994503	0.00173186817625436	0.00000000000000000	0.10885233750594828	0.00000000000000000	0.00000000000000000	0.12310741867891205	0.06372170293475080	0.04069676195513847	0.00968553054163269	0.02255282209055051	0.00000000000000000	0.00000000000000000	0.09318110262415531	0.00000000000000000	0.00402554379761091	0.00065236577461263	0.00000000000000000	0.05011964768547485	1.09988689369857551
IMMU-BC3-0291	0.08615729379544672	0.01211027085649353	0.00000000000000000	0.12589037344123122	0.00000000000000000	0.48812956616671399	0.00000000000000000	0.00000000000000000	0.02610183256144787	0.00000000000000000	0.08432388569614827	0.00000000000000000	0.02824328109608382	0.00587785958101095	0.04097713005695360	0.08147657912544110	0.00000000000000000	0.00000000000000000	0.00000000000000000	0.00763852845548335	0.01307339916754556	0.00000000000000000	0.00000000000000000	0.07093200700996714	1.09821613087728753
IMMU-BC3-0296	0.00000000000000000	0.00449130663091847	0.00000000000000000	0.00490146728688397	0.00000000000000000	0.35196041120180005	0.00000000000000000	0.09000312104380072	0.28305325024122086	0.00000000000000000	0.00000000000000000	0.00000000000000000	0.01367680702870965	0.03089683211355169	0.00000000000000000	0.03596681051370671	0.00042224590276026	0.00000000000000000	0.00000000000000000	0.15447893597112328	0.01121870603413731	0.01893010603138716	0.00000000000000000	0.06586888002700811	1.10009430292696964
IMMU-BC3-0299	0.00000000000000000	0.00000000000000000	0.18503107275179137	0.15893161430977690	0.00000000000000000	0.09155766219824898	0.00000000000000000	0.00000000000000000	0.26570604931131875	0.00000000000000000	0.00000000000000000	0.02917488174840732	0.02008266952477795	0.19951888188477879	0.00000000000000000	0.00000000000000000	0.00000000000000000	0.00000000000000000	0.02985800574079728	0.00000000000000000	0.02013916253010260	0.00000000000000000	0.00000000000000000	0.04506124689426538	1.07695751927247296
IMMU-BC3-0307	0.16570476121491770	0.00000000000000000	0.03260465850959495	0.00000000000000000	0.00000000000000000	0.47129846381424384	0.00000000000000000	0.00348805594101390	0.14056114295724165	0.00000000000000000	0.00000000000000000	0.03157001573394587	0.00000000000000000	0.06667268879620014	0.00000000000000000	0.01492390605349794	0.00000000000000000	0.00000000000000000	0.00000000000000000	0.04769156018017913	0.01713027990414802	0.00835446689501687	0.00000000000000000	0.12832328202558613	1.05891915306300577
IMMU-BC3-0315	0.00000000000000000	0.09945272498290401	0.00032020369876825	0.32053494153971629	0.17225377835022423	0.00000000000000000	0.00000000000000000	0.00000000000000000	0.19953650363638215	0.00000000000000000	0.00000000000000000	0.08159166732036395	0.08723148225372686	0.00000000000000000	0.00000000000000000	0.00000000000000000	0.00655402865708666	0.00000000000000000	0.00000000000000000	0.00000000000000000	0.03252466956082759	0.00000000000000000	0.00000000000000000	0.02657751979684976	1.13624742958577318
IMMU-BC3-0321	0.00000000000000000	0.00000000000000000	0.00256610538600991	0.00000000000000000	0.00000000000000000	0.38386043891967636	0.00000000000000000	0.01545128838436864	0.21925298702656082	0.00000000000000000	0.11121997977401243	0.00000000000000000	0.00758276072062204	0.15600386481642195	0.00000000000000000	0.00000000000000000	0.00000000000000000	0.02361841325313900	0.00000000000000000	0.07475378677895493	0.00569037494023391	0.00000000000000000	0.00000000000000000	0.01447727814246499	1.11703991366890043
IMMU-BC3-0322	0.06418027833411485	0.00000000000000000	0.11792811103116820	0.00000000000000000	0.00000000000000000	0.32038463801154476	0.00000000000000000	0.00000000000000000	0.14267236563853361	0.00000000000000000	0.00000000000000000	0.02516909801578146	0.02868552779187070	0.09170467531127686	0.00234197020565966	0.05732154877534604	0.05106216730749780	0.00000000000000000	0.03704511421010417	0.00000000000000000	0.06150450536710208	0.00000000000000000	0.00000000000000000	0.00750873945022034	1.07436204393109214
IMMU-BC3-0325	0.00000000000000000	0.00000000000000000	0.06129269484369897	0.35121845286060865	0.00000000000000000	0.00000000000000000	0.00000000000000000	0.00000000000000000	0.31164639708904784	0.00000000000000000	0.00000000000000000	0.00490232519190927	0.01061543388880345	0.06920734589651405	0.00000000000000000	0.10548228556073212	0.00000000000000000	0.00000000000000000	0.00000000000000000	0.07272273952978935	0.01291232513889624	0.00000000000000000	0.00000000000000000	0.11302495121158800	1.06539603785782178
IMMU-BC3-0332	0.00000000000000000	0.17363209013674918	0.00000000000000000	0.06905219679190429	0.00000000000000000	0.34808087749448391	0.00000000000000000	0.00000000000000000	0.28326620285876664	0.00000000000000000	0.03422622559848488	0.00000000000000000	0.01964299643615516	0.04456634788973489	0.00286548666984192	0.00409693580714760	0.00000000000000000	0.00000000000000000	0.00000000000000000	0.00000000000000000	0.02057064031673137	0.00000000000000000	0.00000000000000000	0.11140993647176521	1.08014389498783059
IMMU-BC3-0338	0.00000000000000000	0.16014694089108222	0.00000000000000000	0.00000000000000000	0.00000000000000000	0.43880325174696960	0.00000000000000000	0.00000000000000000	0.20095478414453644	0.00000000000000000	0.00905940259345062	0.00000000000000000	0.01861701171525536	0.10164924367512683	0.00599800856226631	0.01347714345489744	0.00000000000000000	0.00000000000000000	0.01321002653549618	0.00000000000000000	0.03808418668091877	0.00000000000000000	0.00000000000000000	0.03046142116573899	1.10241567687057418
IMMU-BC3-0341	0.00000000000000000	0.15303337624921218	0.00000000000000000	0.11865181370974012	0.00000000000000000	0.30988358717445441	0.00000000000000000	0.00000000000000000	0.11880057368636478	0.00000000000000000	0.03172579955108164	0.00000000000000000	0.04486087731959335	0.14668838797413544	0.00000000000000000	0.02370261874948804	0.01533068599322696	0.00000000000000000	0.00000000000000000	0.00000000000000000	0.03732227959270314	0.00000000000000000	0.00000000000000000	0.01094850735769477	1.09896724253589961
IMMU-BC3-0352	0.00000000000000000	0.15935758162564814	0.00000000000000000	0.00000000000000000	0.00000000000000000	0.19899315979240356	0.00000000000000000	0.01792850379826785	0.34814982471865941	0.00000000000000000	0.02848387596097192	0.00000000000000000	0.00000000000000000	0.11474682772703956	0.00000000000000000	0.00000000000000000	0.00000000000000000	0.02122705194684103	0.11111317443016877	0.00000000000000000	0.00000000000000000	0.00000000000000000	0.00000000000000000	0.02176917924482599	1.09477513877422705
IMMU-BC3-0357	0.00000000000000000	0.02778060882221743	0.00000000000000000	0.15726849029696727	0.00000000000000000	0.22285414715953100	0.00000000000000000	0.00000000000000000	0.19585673004582463	0.00000000000000000	0.06344885666661290	0.00000000000000000	0.00459219821802688	0.22664084027466697	0.00585143940005642	0.00382674573440982	0.00000000000000000	0.00000000000000000	0.00000000000000000	0.05530105430748760	0.03657888907419903	0.00000000000000000	0.00000000000000000	-0.01612822319432058	1.12501201785506688
IMMU-BC3-0361	0.00000000000000000	0.24241301991874165	0.00000000000000000	0.00959758987543975	0.00000000000000000	0.36543404341125385	0.00000000000000000	0.04385869902780951	0.12401968339470128	0.00000000000000000	0.00000000000000000	0.05515512807232244	0.03378985252734645	0.03746745496390241	0.01049961595738128	0.02211154008965057	0.01741971599939006	0.00000000000000000	0.00000000000000000	0.00000000000000000	0.03823365676206077	0.00000000000000000	0.00000000000000000	0.07901145903121623	1.07530665765926692
IMMU-BC3-0376	0.03128798571431258	0.01169612369531409	0.00000000000000000	0.16886602858071251	0.07397263207876859	0.14474115845031083	0.00000000000000000	0.00000000000000000	0.25177071117100891	0.00000000000000000	0.10726845519350610	0.00000000000000000	0.00000000000000000	0.11764214941020350	0.03922515812324408	0.00604340352894327	0.00000000000000000	0.00000000000000000	0.00000000000000000	0.00000000000000000	0.04748619405367555	0.00000000000000000	0.00000000000000000	0.07252041169906624	1.09468117927770359
IMMU-BC3-0381	0.05578735321279733	0.08996583398617697	0.08227974467011068	0.08269821209106742	0.00000000000000000	0.34244673081389981	0.00000000000000000	0.01326295309765315	0.12307077965367198	0.00000000000000000	0.00000000000000000	0.05003596590756018	0.00783287286515361	0.09929107798786438	0.01385697136303769	0.02199029013773487	0.00000000000000000	0.00000000000000000	0.00814724907861224	0.00000000000000000	0.00933396513465966	0.00000000000000000	0.00000000000000000	0.04632554411965819	1.08593714972551769
IMMU-BC3-0382	0.00000000000000000	0.02052902769652142	0.00000000000000000	0.08557155872031950	0.25796677771577425	0.00000000000000000	0.00000000000000000	0.00000000000000000	0.37000459063078139	0.00000000000000000	0.00000000000000000	0.00000000000000000	0.02988742449347694	0.14956239584330958	0.00000000000000000	0.00000000000000000	0.00000000000000000	0.03023978891084709	0.00000000000000000	0.00000000000000000	0.05623843598896985	0.00000000000000000	0.00000000000000000	-0.00107102154712488	1.12972649782172185
IMMU-BC3-0389	0.00000000000000000	0.05271026663769104	0.00000000000000000	0.00000000000000000	0.00000000000000000	0.38855653922285066	0.00000000000000000	0.00000000000000000	0.20448847242642151	0.00250612469089860	0.11904054348018143	0.00000000000000000	0.00755320895677170	0.17142694240436457	0.00451850749963666	0.01831658193915624	0.00000000000000000	0.00000000000000000	0.01540382781436636	0.00000000000000000	0.01547898492766145	0.00000000000000000	0.00000000000000000	0.01306167738132163	1.11465602163866384
IMMU-BC3-0390	0.00000000000000000	0.15584572655504375	0.00000000000000000	0.00000000000000000	0.00000000000000000	0.55643654166004008	0.00000000000000000	0.00000000000000000	0.05212622229053273	0.00144574846518668	0.05856752632612073	0.00000000000000000	0.00332869477773016	0.01564962294761038	0.00000000000000000	0.00000000000000000	0.00224444123815829	0.00216207234245909	0.00000000000000000	0.13319849516074708	0.01899490823637106	0.00000000000000000	0.00000000000000000	0.10636576709806807	1.07750127665310935
IMMU-BC3-0393	0.02173332270218926	0.00280745404411816	0.04737419647414026	0.09870958053069258	0.00000000000000000	0.37744585282213727	0.00000000000000000	0.00000000000000000	0.22046901899428437	0.00000000000000000	0.00000000000000000	0.05090234343961025	0.02568340804011531	0.13231988951951532	0.00218643834650683	0.02036849508669033	0.00000000000000000	0.00000000000000000	0.00000000000000000	0.00000000000000000	0.00000000000000000	0.00000000000000000	0.00000000000000000	0.01655368899335271	1.12121392384228646
IMMU-BC3-0412	0.00000000000000000	0.06949127564864321	0.00000000000000000	0.01452979713307249	0.00000000000000000	0.48124340043695124	0.00000000000000000	0.00000000000000000	0.27658479818330167	0.00000000000000000	0.00000000000000000	0.01979777258354804	0.02335327536398466	0.08814293773591225	0.00535050508619914	0.00000000000000000	0.00000000000000000	0.00000000000000000	0.01035155600487048	0.00000000000000000	0.01115468182351671	0.00000000000000000	0.00000000000000000	0.06852457514519184	1.10868078349879506
IMMU-BC3-0413	0.00000000000000000	0.03374469725844825	0.00000000000000000	0.00000000000000000	0.00000000000000000	0.37888135734917672	0.00000000000000000	0.12488856661165250	0.16006591625740638	0.04273214209475272	0.00000000000000000	0.00000000000000000	0.01719854530154766	0.09972906861413609	0.00000000000000000	0.01336223183655986	0.00000000000000000	0.00701331247908341	0.06915965505668777	0.00000000000000000	0.05322450714054877	0.00000000000000000	0.00000000000000000	0.05650981799072848	1.09040070017029067
IMMU-BC3-0415	0.00000000000000000	0.00000000000000000	0.07404886493436730	0.02780353107803991	0.08306170254246791	0.00000000000000000	0.00000000000000000	0.06316642810258616	0.12378270283507846	0.00000000000000000	0.01941796442325028	0.00000000000000000	0.01811623072021287	0.25245577977060557	0.00096957413422440	0.00000000000000000	0.00565667074689165	0.00000000000000000	0.26567879906265240	0.00000000000000000	0.06584175164962305	0.00000000000000000	0.00000000000000000	-0.01417188169012180	1.10047002173859565
IMMU-BC3-0421	0.00000000000000000	0.14271978082264661	0.00000000000000000	0.04550184394337674	0.00000000000000000	0.42358781798391876	0.00000000000000000	0.06821169296820484	0.20123236594982588	0.00000000000000000	0.01808353713243748	0.00000000000000000	0.01561835432149289	0.01454305366577735	0.00000000000000000	0.00219484255932593	0.00000000000000000	0.00000000000000000	0.00000000000000000	0.06089618159135407	0.00741052906163942	0.00000000000000000	0.00000000000000000	0.06352315339376818	1.10658287172811720
IMMU-BC3-0423	0.00000000000000000	0.13189610838449736	0.00000000000000000	0.00000000000000000	0.14422541175753043	0.26338101130571989	0.00000000000000000	0.01868065433854222	0.28693658378528492	0.00000000000000000	0.02652450306360996	0.01172518057124529	0.02487334584656208	0.00246906674521780	0.00000000000000000	0.03320535624773943	0.02720502044289757	0.00073165591880873	0.00000000000000000	0.00000000000000000	0.02814610159234435	0.00000000000000000	0.00000000000000000	0.03535531486675492	1.11566083974709862
IMMU-BC3-0428	0.00000000000000000	0.04003696650022229	0.00000000000000000	0.00000000000000000	0.00000000000000000	0.43097737261904312	0.00000000000000000	0.00013449491432960	0.22376983199717285	0.01564701660165297	0.00075374892728997	0.00000000000000000	0.04040540595413881	0.11819943789255372	0.00000000000000000	0.01160283013008128	0.00476536809643609	0.00000000000000000	0.00000000000000000	0.00000000000000000	0.11370752636707931	0.00000000000000000	0.00000000000000000	0.00220695971841295	1.11594848421689341
IMMU-BC3-0428	0.00996759096445434	0.00000000000000000	0.08224051929002102	0.10897222599304698	0.00000000000000000	0.31054901589077549	0.00000000000000000	0.00000000000000000	0.18301952099603813	0.00000000000000000	0.02160503144368915	0.00238043011742420	0.12402033333596797	0.10447330163843395	0.00000000000000000	0.00000000000000000	0.00000000000000000	0.00000000000000000	0.03931288429864496	0.00000000000000000	0.01345914603150371	0.00000000000000000	0.00000000000000000	0.01398815089441147	1.09349511441977554
IMMU-BC3-0431	0.09996677053035201	0.00000000000000000	0.03131890889027373	0.19402099870262945	0.00000000000000000	0.30058621691513238	0.00000000000000000	0.00000000000000000	0.14791959527056517	0.00000000000000000	0.00000000000000000	0.07022618046615103	0.02788683338673246	0.06771088027401920	0.00622712729875560	0.00000000000000000	0.00000000000000000	0.00000000000000000	0.05413648826538905	0.00000000000000000	0.00000000000000000	0.00000000000000000	0.00000000000000000	0.04758269447496123	1.10475454958412844
IMMU-BC3-0537	0.00000000000000000	0.25754760144126038	0.00000000000000000	0.00000000000000000	0.00000000000000000	0.34940221965981699	0.00000000000000000	0.00857035826284402	0.11531272139541902	0.00000000000000000	0.00000000000000000	0.06073234667216856	0.04557130318866819	0.10348111973039936	0.00000000000000000	0.01541168474412496	0.00000000000000000	0.00000000000000000	0.00000000000000000	0.00000000000000000	0.04218851069627635	0.00178213420902222	0.00000000000000000	0.09817148324050300	1.06095413447991782
IMMU-BC3-0542	0.02046994349211263	0.00000000000000000	0.00000000000000000	0.15863974683456689	0.00000000000000000	0.27732697633479558	0.00000000000000000	0.00000000000000000	0.15198845085345572	0.00000000000000000	0.00000000000000000	0.04505593404156970	0.15103433685787707	0.14196937757662145	0.03769605769477614	0.00000000000000000	0.00000000000000000	0.00000000000000000	0.01581917631422472	0.00000000000000000	0.00000000000000000	0.00000000000000000	0.00000000000000000	0.04568847347390666	1.09065598092716010
IMMU-BC3-0543	0.00000000000000000	0.00000000000000000	0.06873614244818646	0.09454983765507791	0.00000000000000000	0.37089165571254334	0.00000000000000000	0.00000000000000000	0.24143189978145008	0.00000000000000000	0.05514440618272853	0.00000000000000000	0.02059676802374154	0.07873143353354844	0.00000000000000000	0.00000000000000000	0.00000000000000000	0.00000000000000000	0.00000000000000000	0.04059334092164257	0.02932451574108108	0.00000000000000000	0.00000000000000000	0.00837740514214704	1.12206831470745105
IMMU-BC3-0545	0.03635953744116099	0.00000000000000000	0.26994837018201395	0.07133369092031148	0.00000000000000000	0.09193618215825805	0.00000000000000000	0.00000000000000000	0.17284903312504182	0.00000000000000000	0.00000000000000000	0.04966311321022022	0.00000000000000000	0.18386321330513844	0.03247810685083354	0.04128751081135850	0.00000000000000000	0.00000000000000000	0.02213017266275754	0.00000000000000000	0.00000000000000000	0.02815106933290535	0.00000000000000000	0.00007384383698563	1.08323639168678976
IMMU-BC3-0547	0.06348969239023929	0.00000000000000000	0.00836153872979251	0.09318989693678499	0.14591419705658518	0.37086534110716918	0.00000000000000000	0.00000000000000000	0.03072215118103436	0.00000000000000000	0.00000000000000000	0.00000000000000000	0.06260762656464844	0.00000000000000000	0.00000000000000000	0.03746205066039079	0.04261043981601732	0.07175351022992990	0.00667873524671841	0.03072244899412216	0.01292424841748336	0.02269812266908404	0.00000000000000000	-0.00031680260104366	1.11363239479304288
IMMU-BC3-0759	0.01117935969489988	0.00000000000000000	0.09280203932307692	0.11199749805594693	0.00000000000000000	0.23567200245469752	0.00000000000000000	0.00000000000000000	0.12562573787983103	0.00000000000000000	0.00395620472002634	0.02544665257568423	0.03466169945954462	0.11803896981896950	0.05403814517319463	0.00000000000000000	0.10232903150636243	0.00000000000000000	0.03296722746156573	0.00000000000000000	0.05128543187620023	0.00000000000000000	0.00000000000000000	0.08172455888179028	1.04874847044295927
IMMU-BC3-0760	0.00000000000000000	0.02295086535768296	0.03223805568610643	0.11893292258587637	0.00000000000000000	0.44899636926008496	0.00000000000000000	0.00000000000000000	0.19519871789473991	0.00000000000000000	0.00316376231244749	0.00000000000000000	0.03615315055080535	0.09369079663006981	0.00087176808556326	0.01149202738894520	0.00086060055644772	0.00000000000000000	0.00000000000000000	0.00000000000000000	0.03545096369123055	0.00000000000000000	0.00000000000000000	0.03611964725339338	1.11807955321996610
IMMU-BC3-0761	0.00110739178885779	0.04129509685740092	0.03444663856881623	0.07402471408991791	0.00000000000000000	0.32528873725234364	0.00000000000000000	0.00000000000000000	0.13922421799084897	0.00000000000000000	0.07864128460852976	0.00000000000000000	0.06995553641010875	0.12476857258744471	0.01701977236907725	0.02725110254722299	0.00962099568903859	0.00000000000000000	0.00000000000000000	0.00000000000000000	0.05735593924039231	0.00000000000000000	0.00000000000000000	0.02953250877783576	1.08682690172970786
IMMU-BC3-0774	0.09316789528677433	0.00000000000000000	0.00000000000000000	0.13315396477248725	0.00000000000000000	0.36240990126528128	0.02898686712741701	0.00000000000000000	0.17493598016306905	0.00000000000000000	0.04422580773342106	0.00000000000000000	0.02617173919239302	0.05517555167506674	0.01807326130070939	0.05158821812120577	0.00000000000000000	0.00000000000000000	0.00000000000000000	0.00000000000000000	0.01211081336217508	0.00000000000000000	0.00000000000000000	0.03358654627414826	1.10986595966720314
IMMU-BC3-0787	0.00000000000000000	0.00000000000000000	0.02192491808783522	0.24271823257619576	0.00000000000000000	0.16792927413753231	0.00000000000000000	0.00000000000000000	0.15153808356895487	0.00000000000000000	0.05296362737793476	0.03055416747341433	0.08872777201764713	0.12479276015312565	0.00000000000000000	0.00000000000000000	0.00000000000000000	0.00000000000000000	0.01699767844175599	0.00000000000000000	0.10185348616560398	0.00000000000000000	0.00000000000000000	0.05012013490497436	1.09093100487256711
IMMU-BC3-0788	0.00000000000000000	0.02321602635054875	0.01666727013580345	0.00000000000000000	0.00000000000000000	0.52490423980133694	0.00000000000000000	0.05816724530661726	0.17519422755917574	0.00000000000000000	0.03469954958418773	0.00000000000000000	0.00260324543513328	0.09058467698248177	0.00000000000000000	0.00200531319042316	0.00000000000000000	0.00000000000000000	0.05035789580940243	0.00000000000000000	0.01525552713217381	0.00634478271271548	0.00000000000000000	0.04876031085786694	1.11317262069521705
IMMU-BC3-0791	0.00582152472987930	0.00000000000000000	0.23623158768952462	0.05408873308008754	0.00000000000000000	0.31354405150236192	0.00000000000000000	0.01655902910638809	0.12662508849416712	0.00000000000000000	0.03073490038028948	0.01561537318739903	0.04716711394088546	0.04599281777251996	0.00377524649452728	0.03914664393690818	0.01808855255745362	0.03266202077210204	0.00000000000000000	0.00000000000000000	0.01394731635550638	0.00000000000000000	0.00000000000000000	0.00042298675016699	1.08961689451887178
IMMU-BC3-0796	0.00000000000000000	0.00000000000000000	0.04549556719508507	0.11734933096691820	0.00000000000000000	0.29684028300319409	0.00000000000000000	0.08711358762049257	0.13522255398122837	0.00000000000000000	0.00000000000000000	0.10415206343444708	0.06002950116148277	0.14189944301436175	0.00000000000000000	0.00000000000000000	0.00000000000000000	0.00860158140131393	0.00000000000000000	0.00000000000000000	0.00329608822147630	0.00000000000000000	0.00000000000000000	0.04068676745585249	1.10904212328488638
IMMU-BC3-0799	0.00000000000000000	0.00331422713383178	0.00000000000000000	0.13332974572852616	0.00000000000000000	0.28512557939389083	0.00000000000000000	0.00000000000000000	0.19969890419814287	0.00000000000000000	0.00000000000000000	0.07146388756702346	0.04043541695908133	0.05890353880908844	0.01380446779895942	0.13075302137887815	0.00000000000000000	0.00000000000000000	0.06317121103257750	0.00000000000000000	0.00000000000000000	0.00000000000000000	0.00000000000000000	0.03002685468316806	1.10053469528340830
IMMU-BC3-0800	0.00000000000000000	0.02652579140436787	0.02024216629411160	0.12465868642177100	0.00000000000000000	0.27788265251790140	0.00000000000000000	0.00000000000000000	0.16472274999726233	0.00000000000000000	0.00000000000000000	0.04912154103997438	0.07813422805389807	0.08189064671755465	0.00000000000000000	0.15664964504287168	0.00000000000000000	0.00679291373171072	0.01337897877857622	0.00000000000000000	0.00000000000000000	0.00000000000000000	0.00000000000000000	0.02906664625613724	1.09063242651788506
IMMU-BC3-0807	0.00000000000000000	0.00365096654977147	0.00668863492805763	0.06262008107448100	0.06523381688096899	0.03362941991438102	0.00000000000000000	0.00000000000000000	0.32827178841220056	0.08501157457093522	0.00000000000000000	0.00000000000000000	0.04514217217654946	0.19977712409243961	0.01865139265838511	0.00000000000000000	0.00000000000000000	0.00000000000000000	0.00000000000000000	0.00000000000000000	0.15132302874182993	0.00000000000000000	0.00000000000000000	0.01942888102861054	1.09799434173179677
IMMU-BC3-0811	0.00000000000000000	0.05919702247019244	0.00639620718495191	0.07970171675648581	0.00000000000000000	0.33931870416099397	0.00000000000000000	0.00000000000000000	0.16571484874860476	0.00000000000000000	0.00000000000000000	0.06399803506825430	0.06676072231981858	0.14423623909345454	0.01971286101051317	0.00860104578463341	0.00000000000000000	0.00000000000000000	0.00244330920887047	0.00000000000000000	0.03452489579540584	0.00939439239782076	0.00000000000000000	0.07889654406139425	1.07628145485469795
IMMU-BC3-0817	0.00000000000000000	0.09709624165222250	0.00787466177399218	0.07375925541139156	0.00000000000000000	0.22236339349791043	0.00000000000000000	0.00000000000000000	0.22973254182172845	0.00000000000000000	0.00000000000000000	0.02299887006224446	0.00143637610458070	0.24013792490618896	0.00000000000000000	0.06496423544466016	0.00000000000000000	0.00000000000000000	0.00000000000000000	0.03439189050626241	0.00524460881881829	0.00000000000000000	0.00000000000000000	0.01734527268372691	1.10048435778217768
IMMU-BC3-0817	0.00000000000000000	0.00000000000000000	0.00000000000000000	0.04395641636217983	0.00000000000000000	0.18261679311581863	0.00000000000000000	0.00835717351802181	0.19515329278420579	0.00000000000000000	0.04368476543741567	0.00000000000000000	0.00000000000000000	0.34409410279169206	0.00000000000000000	0.08934874548364803	0.00000000000000000	0.00000000000000000	0.00000000000000000	0.05012027517897685	0.04266843532804136	0.00000000000000000	0.00000000000000000	0.01479443211324547	1.11523237813656295
IMMU-BC3-0818	0.00000000000000000	0.12561907534401950	0.00366528519623063	0.00362761225052163	0.00000000000000000	0.51139163896502160	0.00000000000000000	0.08009617021389913	0.12606847513344963	0.01868486924715160	0.06897000775938841	0.00000000000000000	0.00000000000000000	0.02516642138003976	0.00276548824646570	0.00000775939140211	0.00593176071360046	0.00000000000000000	0.00000000000000000	0.00000000000000000	0.02800543615880971	0.00000000000000000	0.00000000000000000	0.02474250266773258	1.13399252059952582
IMMU-BC3-0818	0.00000000000000000	0.11325347232583305	0.00176635955821908	0.01775453193937213	0.00000000000000000	0.51985158899161321	0.00000000000000000	0.04944184219096657	0.10720372845535742	0.00000000000000000	0.08432774146277325	0.00000000000000000	0.00295362472931409	0.06351972223540366	0.01308929748281694	0.00000000000000000	0.00630753001182014	0.00000000000000000	0.00000000000000000	0.00000000000000000	0.01814636112243925	0.00238419949407106	0.00000000000000000	0.01770932011381610	1.12936497825241577
IMMU-BC3-0819	0.00000000000000000	0.14174310291518294	0.00000000000000000	0.32552429706006480	0.00000000000000000	0.00000000000000000	0.00000000000000000	0.00000000000000000	0.22258495720259461	0.00000000000000000	0.00000000000000000	0.01285393408260743	0.01990659201544128	0.14019224972311251	0.00000000000000000	0.00000000000000000	0.00000000000000000	0.01089899891629546	0.00000000000000000	0.04199667937206366	0.08429918871263721	0.00000000000000000	0.00000000000000000	0.00231238815785018	1.10578927592293041
IMMU-BC3-0819	0.00000000000000000	0.05818878540633431	0.00000000000000000	0.06379288430115591	0.00000000000000000	0.24562557163221171	0.00000000000000000	0.00000000000000000	0.35114663552416819	0.00000000000000000	0.03352200841602086	0.00000000000000000	0.00000000000000000	0.13403412681854204	0.00000000000000000	0.00000000000000000	0.00000000000000000	0.00957339857482921	0.00000000000000000	0.07471077295734975	0.02940581636938806	0.00000000000000000	0.00000000000000000	0.00383375346585650	1.11867544715883205
IMMU-BC3-0820	0.00727276559572473	0.00000000000000000	0.04958726353035641	0.00000000000000000	0.00000000000000000	0.44641612492388910	0.00000000000000000	0.00000000000000000	0.12100312849028312	0.00000000000000000	0.06821908933209964	0.00000000000000000	0.03103280952137225	0.12627946021112901	0.00000000000000000	0.03051867593720565	0.00000000000000000	0.00000000000000000	0.00000000000000000	0.07597274737904465	0.04369793507889524	0.00000000000000000	0.00000000000000000	0.04194778335518220	1.08646864529728782
IMMU-BC3-0821	0.00000000000000000	0.16669534648218656	0.00000000000000000	0.01713498836213442	0.00000000000000000	0.25261796573895789	0.00000000000000000	0.04411847032423774	0.22363771688234213	0.00000000000000000	0.00000000000000000	0.11063227760430833	0.06484328136230369	0.08207611854395103	0.00000000000000000	0.01062860439405010	0.00003418921874774	0.00283316804541912	0.00000000000000000	0.00000000000000000	0.02474787304136149	0.00000000000000000	0.00000000000000000	0.11174602916001050	1.06477959465403438
IMMU-BC3-0825	0.00000000000000000	0.05275084738450547	0.00757932406218017	0.10192223267654797	0.00000000000000000	0.16851453675848144	0.00000000000000000	0.00000000000000000	0.13917443612025099	0.00000000000000000	0.09076676581284153	0.00000000000000000	0.00000000000000000	0.19317397920638646	0.00000000000000000	0.09999693846619397	0.00000000000000000	0.00000000000000000	0.00000000000000000	0.11712463704583789	0.02899630246677410	0.00000000000000000	0.00000000000000000	0.00874463523180471	1.09844216579921583
IMMU-BC3-0825	0.00000000000000000	0.00000000000000000	0.12316874798398270	0.03812498555507621	0.00000000000000000	0.48606396392399931	0.00000000000000000	0.00897978269978675	0.03106024219271739	0.00000000000000000	0.08321021323679823	0.00000000000000000	0.02411958333321603	0.00127278941585534	0.00048184038959799	0.01337538730094417	0.00000000000000000	0.00000000000000000	0.00798778180773763	0.00000000000000000	0.18215468216028832	0.00000000000000000	0.00000000000000000	0.00099986317099362	1.11256011999839655
IMMU-BC3-0826	0.00000000000000000	0.02971307137865084	0.04100759381375373	0.15437523587279717	0.00000000000000000	0.30462175951093873	0.00000000000000000	0.04090068113531704	0.19906014418580201	0.00000000000000000	0.01970350913329936	0.03287244607528304	0.04745924610208422	0.11356767532726185	0.00706807703423953	0.00000000000000000	0.00885174835878797	0.00000000000000000	0.00000000000000000	0.00000000000000000	0.00000000000000000	0.00079881207178466	0.00000000000000000	0.08440605490658164	1.08773511207592932
IMMU-BC3-0828	0.00000000000000000	0.11088075636771831	0.00000000000000000	0.00000000000000000	0.00000000000000000	0.39278853755948040	0.00000000000000000	0.00000000000000000	0.24806303869989205	0.04581665919266328	0.00000000000000000	0.00000000000000000	0.01693888929399152	0.09940572521796895	0.00229787936224508	0.00000000000000000	0.01177433312745552	0.00000000000000000	0.00000000000000000	0.05276380046932568	0.01927038070925936	0.00000000000000000	0.00000000000000000	0.05140376057367885	1.09469222479232653
IMMU-BC3-0830	0.03159583215010044	0.00000000000000000	0.00000000000000000	0.04652346622740896	0.00000000000000000	0.25825489296141751	0.00000000000000000	0.00000000000000000	0.27600226217119800	0.00000000000000000	0.00000000000000000	0.04821891681521296	0.00590146022021753	0.06350714051110962	0.00000000000000000	0.11838906485768930	0.00000000000000000	0.00903948470056849	0.03451844321637071	0.00000000000000000	0.05134473803369653	0.05670429813500999	0.00000000000000000	0.02222272663602478	1.09451001979971752
IMMU-BC3-0833	0.00000000000000000	0.22385743160691393	0.00000000000000000	0.15853663728010867	0.00000000000000000	0.25782458900751404	0.00000000000000000	0.17321536157802281	0.02805632176322017	0.00000000000000000	0.01995494137618851	0.00000000000000000	0.03380030412218252	0.06230778834493000	0.00000000000000000	0.00000000000000000	0.00790941949365909	0.00449674391720090	0.00000000000000000	0.00000000000000000	0.03004046151005930	0.00000000000000000	0.00000000000000000	0.03514378327771765	1.10358623721552562
IMMU-BC3-0835	0.00000000000000000	0.05276427913881987	0.00000000000000000	0.00000000000000000	0.00000000000000000	0.19940624355218545	0.00000000000000000	0.05665992226810158	0.09536814440354760	0.08933507273326130	0.00000000000000000	0.11764968718353168	0.00000000000000000	0.29694418702195358	0.00000000000000000	0.06036850604056106	0.00000000000000000	0.00000000000000000	0.00042508231565559	0.00000000000000000	0.02034783752243925	0.01073103781994313	0.00000000000000000	0.02641401731979769	1.11356083216123913
IMMU-BC3-0836	0.00000000000000000	0.01364524881074117	0.06589523462572321	0.11557337475971993	0.00000000000000000	0.44482115308661624	0.00000000000000000	0.00000000000000000	0.18969285834379057	0.00000000000000000	0.00000000000000000	0.02185910712603256	0.04290583349177975	0.03683252971254832	0.01241551438110093	0.05635914566194734	0.00000000000000000	0.00000000000000000	0.00000000000000000	0.00000000000000000	0.00000000000000000	0.00000000000000000	0.00000000000000000	0.03211818800318498	1.11746172543263134
IMMU-BC3-0837	0.12332126547610975	0.00000000000000000	0.00700631026753303	0.00000000000000000	0.06428554182857169	0.17103685220986214	0.00000000000000000	0.00000000000000000	0.36793637285885511	0.00000000000000000	0.09633512354182934	0.00000000000000000	0.05692305669396059	0.08762680614421429	0.00679227098387845	0.00000000000000000	0.00000000000000000	0.00000000000000000	0.00000000000000000	0.00000000000000000	0.01873639999518567	0.00000000000000000	0.00000000000000000	0.04440201021127087	1.09881534519878366
IMMU-BC3-0838	0.00000000000000000	0.05466920897903241	0.00000000000000000	0.09574684520446754	0.00000000000000000	0.31557351045747017	0.00000000000000000	0.00000000000000000	0.16613417007029335	0.00000000000000000	0.02260727573147414	0.00718376240810669	0.01365096176194019	0.12275206585233132	0.12184771043918807	0.00929982326637097	0.01535563920934552	0.00000000000000000	0.05278413372693275	0.00000000000000000	0.00239489289304692	0.00000000000000000	0.00000000000000000	0.02639242301378774	1.09968511952377490
IMMU-BC3-0839	0.00000000000000000	0.06755102414181140	0.00000000000000000	0.01641139864019320	0.00000000000000000	0.61710066130990393	0.00000000000000000	0.02450705690463726	0.10907869312062018	0.00000000000000000	0.00000000000000000	0.06805956881943823	0.01210531508593812	0.02211374443113943	0.03632600570486885	0.00783902542421796	0.00281154481155641	0.00000000000000000	0.01231046005321641	0.00000000000000000	0.00378550155245853	0.00000000000000000	0.00000000000000000	0.02714292044861594	1.14282902688396382
IMMU-BC3-0846	0.00000000000000000	0.23803928513890224	0.00000000000000000	0.00000000000000000	0.00000000000000000	0.51113053464855718	0.00000000000000000	0.04387181297756160	0.09595506588320156	0.00000000000000000	0.04438346313482713	0.00000000000000000	0.00143660493405876	0.03618523299076887	0.00032617210997903	0.00092660039944181	0.01327132067064563	0.00000000000000000	0.01261491078653649	0.00000000000000000	0.00185899632551956	0.00000000000000000	0.00000000000000000	0.05898885666878732	1.10515401861554374
IMMU-BC3-0848	0.09840764938399117	0.00000000000000000	0.01068946963842300	0.02564819195351662	0.00000000000000000	0.38992003640722023	0.00000000000000000	0.00000000000000000	0.11006039200484928	0.00000000000000000	0.00000000000000000	0.08239893928109143	0.01756970014649759	0.15028566893414461	0.00000000000000000	0.06616929690976552	0.00000000000000000	0.00000000000000000	0.04452091796789724	0.00000000000000000	0.00432973737260331	0.00000000000000000	0.00000000000000000	0.03301276059061022	1.09246054835482442
IMMU-BC3-0849	0.00000000000000000	0.22173930690584989	0.00000000000000000	0.00000000000000000	0.00000000000000000	0.22377314158004519	0.00000000000000000	0.13780456306442082	0.12573665764464445	0.01280437497432172	0.00000000000000000	0.00000000000000000	0.02293860592859882	0.20270480739873897	0.00000000000000000	0.00927873779248714	0.00403440577566612	0.00000000000000000	0.00000000000000000	0.00000000000000000	0.03918539893522691	0.00000000000000000	0.00000000000000000	0.01089999013757849	1.09592910097207241
IMMU-BC3-0850	0.00000000000000000	0.01372124309073922	0.00000000000000000	0.26097164611323564	0.27718828881602842	0.00000000000000000	0.00000000000000000	0.00000000000000000	0.17456915946350468	0.00000000000000000	0.07731564945145791	0.00000000000000000	0.00000000000000000	0.10647973590181209	0.00453917450803712	0.01950350624729588	0.01360719930278489	0.00000000000000000	0.00000000000000000	0.00000000000000000	0.04455585702734665	0.00754854007775749	0.00000000000000000	0.01410537540392651	1.13535787773094787
IMMU-BC3-0851	0.00000000000000000	0.25683909779200559	0.00000000000000000	0.00000000000000000	0.00000000000000000	0.42230499589112558	0.00000000000000000	0.03285295984113186	0.11454779680156726	0.00000000000000000	0.02910972679115480	0.00000000000000000	0.01738392420269903	0.06707638511771805	0.00710060990841695	0.01001688025067124	0.01340719343102758	0.00000000000000000	0.00910051230724059	0.00000000000000000	0.02025991766524151	0.00000000000000000	0.00000000000000000	0.04714710045032579	1.09193441336810126
IMMU-BC3-0858	0.05241949477785728	0.00000000000000000	0.00648822705697252	0.02467023112734595	0.13240361821596450	0.06545347238668067	0.00000000000000000	0.00000000000000000	0.17702749091297873	0.00000000000000000	0.17150521888368545	0.00000000000000000	0.00000000000000000	0.25087402954442944	0.01055816958732497	0.01462915622792226	0.00000000000000000	0.00000000000000000	0.05243659599766016	0.00000000000000000	0.04153429528117802	0.00000000000000000	0.00000000000000000	0.03890926936671609	1.08854712466958081
IMMU-BC3-0873	0.00000000000000000	0.00377132724371303	0.08682222729220976	0.00592472738105563	0.00000000000000000	0.44924884296558842	0.00000000000000000	0.00000000000000000	0.06364610509315481	0.00000000000000000	0.08818983126540204	0.00000000000000000	0.00413179969121323	0.25439655818621670	0.00992476485389380	0.00000000000000000	0.00000000000000000	0.00000000000000000	0.00000000000000000	0.03127008513138757	0.00267373089616507	0.00000000000000000	0.00000000000000000	0.01523135664735303	1.10602807971177097
IMMU-BC3-0893	0.00000000000000000	0.06410513726265699	0.01948061964869873	0.00000000000000000	0.00000000000000000	0.59127780092214899	0.00000000000000000	0.00000000000000000	0.15328814382163608	0.00000000000000000	0.00000000000000000	0.00000000000000000	0.06365379839740780	0.05500079990875623	0.00176895624717793	0.00957277603688936	0.00000000000000000	0.00068194510745883	0.00000000000000000	0.00000000000000000	0.04117002264716912	0.00000000000000000	0.00000000000000000	0.04803171011639099	1.11158357100819716
IMMU-BC3-0903	0.05768344271146094	0.00000000000000000	0.02052878109395130	0.07349308074294467	0.00000000000000000	0.27807258238820343	0.00000000000000000	0.00000000000000000	0.21675482077745178	0.00000000000000000	0.00000000000000000	0.13242446286883991	0.00000000000000000	0.02114519505961343	0.00000000000000000	0.10098829676632783	0.00000000000000000	0.00000000000000000	0.03463493290105557	0.00000000000000000	0.06427440469015126	0.00000000000000000	0.00000000000000000	0.03620435648081271	1.10612120876745124
IMMU-BC3-0904	0.00000000000000000	0.09862801947154501	0.00000000000000000	0.15499319365304867	0.00000000000000000	0.21701802147218638	0.00000000000000000	0.00000000000000000	0.24959588117778508	0.00000000000000000	0.00000000000000000	0.02262740070595701	0.00987608634490415	0.13150071201283323	0.06974951832108657	0.01011985871951071	0.00270088324025115	0.00000000000000000	0.00000000000000000	0.00000000000000000	0.03319042488089231	0.00000000000000000	0.00000000000000000	0.03123086264223281	1.10116585538491285
IMMU-BC3-0912	0.03084960940854207	0.00000000000000000	0.24646252641751387	0.12923095563897216	0.00000000000000000	0.10328041562848898	0.00000000000000000	0.00000000000000000	0.20684156339054582	0.00000000000000000	0.00507968386542448	0.00706925889640938	0.00950460920945432	0.07442292540126580	0.01771311882220719	0.06482089280831838	0.00000000000000000	0.00000000000000000	0.03680238603450726	0.00000000000000000	0.06792205447835026	0.00000000000000000	0.00000000000000000	0.02153834203327473	1.07050458605812815
IMMU-BC3-0916	0.00000000000000000	0.02109621690747351	0.00000000000000000	0.17463025171394045	0.00000000000000000	0.11307617804174991	0.00000000000000000	0.00000000000000000	0.16777922248459812	0.00000000000000000	0.00000000000000000	0.04505856095358710	0.00000000000000000	0.23548312184023024	0.06268136825094130	0.12268761081547831	0.00000000000000000	0.00000000000000000	0.02412639747531488	0.00000000000000000	0.03338107151668616	0.00000000000000000	0.00000000000000000	0.08029496375558369	1.07158734380332676
IMMU-BC3-0923	0.08383640273524820	0.00000000000000000	0.01592360155964976	0.10200383654739884	0.00000000000000000	0.20656340364947837	0.00000000000000000	0.00000000000000000	0.17379649247394102	0.00000000000000000	0.00000000000000000	0.06099178153689187	0.02497464580584128	0.10460863034632931	0.00000000000000000	0.16573984039838610	0.00000000000000000	0.00000000000000000	0.03992623922888698	0.00000000000000000	0.02163512571794817	0.00000000000000000	0.00000000000000000	0.04084896938020166	1.07663952875564006
IMMU-BC3-0929	0.03063206857489826	0.00000000000000000	0.10861369120611508	0.08572242475184881	0.00000000000000000	0.34699999917136193	0.00000000000000000	0.00000000000000000	0.21729887404257398	0.00000000000000000	0.00000000000000000	0.05658505579448514	0.04983136505018387	0.01982342578397405	0.03995652467912036	0.04453657094543848	0.00000000000000000	0.00000000000000000	0.00000000000000000	0.00000000000000000	0.00000000000000000	0.00000000000000000	0.00000000000000000	0.04523853361864757	1.09616753949822598
IMMU-BC3-0935	0.00000000000000000	0.01510363003430473	0.10747571238552557	0.07229150441945550	0.00000000000000000	0.30671009625264356	0.00000000000000000	0.00000000000000000	0.29022734382972459	0.00000000000000000	0.03554025053580663	0.00000000000000000	0.01245748742574809	0.05110807186322100	0.00000000000000000	0.00000000000000000	0.00000000000000000	0.03486810775100087	0.00000000000000000	0.06807727578687817	0.00614051971569127	0.00000000000000000	0.00000000000000000	0.04115923789516253	1.09613452858092186
IMMU-BC3-0937	0.00000000000000000	0.15947994596750040	0.00000000000000000	0.00000000000000000	0.00000000000000000	0.38749719742397531	0.00000000000000000	0.01026629699028925	0.28419341337602971	0.00000000000000000	0.01269262884990421	0.00000000000000000	0.03121956981429936	0.07831666061892285	0.00000000000000000	0.00000000000000000	0.00480248400553396	0.00046751426697399	0.00000000000000000	0.03106428868657084	0.00000000000000000	0.00000000000000000	0.00000000000000000	0.00362450155842070	1.12272607553161508
IMMU-BC3-0938	0.00000000000000000	0.17812451713089344	0.00000000000000000	0.13556401062245080	0.00000000000000000	0.32339656533885158	0.00000000000000000	0.00000000000000000	0.18234654878321618	0.00000000000000000	0.00000000000000000	0.01635283940172620	0.04666555053115714	0.03778898026581502	0.00000000000000000	0.00000000000000000	0.00076900388963652	0.00000000000000000	0.07647523627573333	0.00000000000000000	0.00251674776051977	0.00000000000000000	0.00000000000000000	0.04099673767536374	1.09935491815414510
IMMU-BC3-0944	0.07020128994755957	0.00000000000000000	0.00992860365779267	0.04987033608416042	0.00000000000000000	0.35805351405895353	0.00000000000000000	0.00000000000000000	0.18504743508415208	0.00000000000000000	0.00000000000000000	0.00000000000000000	0.21325188054165481	0.08398728558080641	0.01335816123230112	0.00000000000000000	0.00000000000000000	0.00000000000000000	0.00000000000000000	0.00000000000000000	0.01630149381261940	0.00000000000000000	0.00000000000000000	0.03905440030534604	1.08895182758237108
IMMU-BC3-1001	0.06399164632786063	0.00000000000000000	0.09235448252352739	0.08273910252996848	0.00000000000000000	0.28233531945711743	0.00000000000000000	0.00000000000000000	0.25545454465962475	0.00000000000000000	0.03052299580651095	0.00000000000000000	0.04026268486821367	0.08544811695181471	0.00000000000000000	0.00000000000000000	0.00000000000000000	0.02991264553040229	0.01398724387631749	0.00000000000000000	0.02299121746864221	0.00000000000000000	0.00000000000000000	0.06070927638427128	1.07826990359619046
IMMU-BC3-1033	0.00000000000000000	0.11880795920515710	0.00000000000000000	0.00000000000000000	0.00000000000000000	0.45613424174657763	0.00000000000000000	0.00664129007801058	0.11469089982111615	0.01458015223106830	0.09840370848570600	0.00000000000000000	0.01153437285504605	0.03953745074026013	0.00000000000000000	0.08710823914961528	0.00000000000000000	0.00255517314984027	0.00000000000000000	0.00000000000000000	0.05000651253760247	0.00000000000000000	0.00000000000000000	0.10861171396758269	1.06630809722890363
IMMU-BC3-1063	0.00000000000000000	0.12846361216746546	0.00000000000000000	0.00000000000000000	0.00000000000000000	0.42608989213623588	0.00000000000000000	0.07373465066058667	0.23867057327165025	0.01686185152343950	0.05692837118760047	0.00000000000000000	0.00000000000000000	0.03874325936058463	0.00000000000000000	0.00000000000000000	0.00000000000000000	0.00357881469181938	0.00457434519625619	0.00000000000000000	0.01235462980436156	0.00000000000000000	0.00000000000000000	0.10081505083943726	1.09517101953131180
