Mixture	Cancer.cells	B.cells	Macrophages.M1	Macrophages.M2	Monocytes	Neutrophils	NK.cells	T.cells.CD4	T.cells.CD8	Tregs	Dendritic.cells	P-value	Correlation	RMSE
Patient100	0.32568652564224504	0.01271883759084557	0.42938313174731940	0.00000000000000000	0.00000000000000000	0.00337562715093203	0.01247004994530811	0.02482483526310541	0.16088537043667314	0.03065562222357133	0.00000000000000000	0.00000000000000000	0.44423782905926851	0.91696411502611563
Patient102	0.45515685071214823	0.00000000000000000	0.10660835085021503	0.22952253757423838	0.04782904430876570	0.00000000000000000	0.00000000000000000	0.16088321655463259	0.00000000000000000	0.00000000000000000	0.00000000000000000	0.00000000000000000	0.38246968205510129	0.93456880145182075
Patient105	0.87451114417919062	0.00907425887153490	0.00685299247169857	0.03112544229964447	0.00103494608044548	0.00734666844648832	0.00242273638122407	0.03919422807650472	0.01322855511360790	0.01520902807966089	0.00000000000000000	0.00000000000000000	0.42123193350362720	1.00075528627159360
Patient106	0.80797971532465807	0.00679695439485825	0.02866445660206253	0.02096513499047365	0.04746189906707050	0.01023930117779399	0.01038128532947288	0.04162413389810751	0.01191195342740357	0.01397516578809902	0.00000000000000000	0.00000000000000000	0.24928858539299978	1.09876731288080887
Patient107	0.59723234571444694	0.00000000000000000	0.04305874054903597	0.04201858117438778	0.00000000000000000	0.03481866242563388	0.05271008956911426	0.02658793186037381	0.03823081773455955	0.08299644873119662	0.08234638224125122	0.00000000000000000	0.34991735698763660	0.96522663242460938
Patient108	0.60733538911740070	0.03285067082157022	0.06312616248086535	0.01586301238518458	0.04130586653074708	0.02698221903969837	0.06018863391079615	0.00000000000000000	0.03462809247357548	0.07834395466920586	0.03937599857095616	0.00000000000000000	0.23713943736483534	1.03197223738701438
Patient10	0.86989728997740934	0.01315312064968632	0.03578046256801557	0.00267967333491716	0.01524683069536585	0.00643129530830348	0.00764990804975695	0.01036431007782001	0.01273400392142718	0.02606310541729817	0.00000000000000000	0.00000000000000000	0.66206516427236417	0.78207980786053388
Patient112	0.60491559528785566	0.00000000000000000	0.03858160451202663	0.02413030655554334	0.20551728946993683	0.00000000000000000	0.00000000000000000	0.01677412553681849	0.04695019308489734	0.06313088555292182	0.00000000000000000	0.00000000000000000	0.47373538982535501	0.89114208090629088
Patient116	0.81564410684152788	0.00000000000000000	0.00000000000000000	0.02955631746520258	0.10939130503394835	0.00000000000000000	0.00000000000000000	0.04540827065932118	0.00000000000000000	0.00000000000000000	0.00000000000000000	0.00000000000000000	0.47694327660706953	0.93351948614531732
Patient117	0.23756735374863291	0.00883879564685914	0.27565299932369719	0.28805105805741360	0.04654106308739069	0.01911771880583985	0.00972617653067150	0.08525794379483662	0.00999480324478651	0.01925208775987200	0.00000000000000000	0.00000000000000000	0.38239347132146362	0.94365025066239328
Patient11	0.71316657174697295	0.02020278643085285	0.05233956168779468	0.04677680505027255	0.00106038863632515	0.01667111157227302	0.01603071489908232	0.10262759616503978	0.01734512318629149	0.00000000000000000	0.01377934062509521	0.00000000000000000	0.50943828348784614	0.88279066566544384
Patient121	0.61254301199831751	0.00307631211410970	0.12903888213595371	0.07132745854537717	0.05941874835586197	0.00000000000000000	0.00827029271348084	0.04517224936400265	0.06095908584195419	0.01019395893094243	0.00000000000000000	0.00000000000000000	0.48746439168923944	0.88656337651772565
Patient125	0.33093564184149044	0.04778637127299853	0.10815993880139255	0.01174628941849435	0.00000000000000000	0.00000000000000000	0.00000000000000000	0.16130177496560244	0.34006998370002189	0.00000000000000000	0.00000000000000000	0.00000000000000000	0.44148667585153634	0.89600817521537279
Patient126	0.51048923791125778	0.00000000000000000	0.16163680486219956	0.07408142478575566	0.00000000000000000	0.00000000000000000	0.00000000000000000	0.00000000000000000	0.10255146027385449	0.01085313576224241	0.14038793640469016	0.00000000000000000	0.43627742914046369	0.90923904746513429
Patient127	0.75672843023579073	0.00806136499451593	0.06262627793220622	0.02232949044657406	0.00000000000000000	0.03332705953384123	0.00692238974000336	0.05669256406769957	0.00988642337985631	0.03421831791375364	0.00920768175575894	0.00000000000000000	0.48861973753396820	0.90920616018378153
Patient130	0.77084480493943552	0.00000000000000000	0.19904764150929816	0.01013427168237037	0.00000000000000000	0.00000000000000000	0.01188257671269603	0.00000000000000000	0.00689296167427239	0.00119774348192748	0.00000000000000000	0.00000000000000000	0.40779763371995703	0.98896960265456035
Patient131	0.59009859905383533	0.01810170735634618	0.00000000000000000	0.14176677758843015	0.12586803887570117	0.01349485145573380	0.01480582362782872	0.08374854976936480	0.01211565227275986	0.00000000000000000	0.00000000000000000	0.00000000000000000	0.12893619874942716	1.08652112089095865
Patient132	0.43274132627430795	0.08418867017797117	0.16985009438765075	0.13691903866981855	0.02111546069147376	0.00219802486197512	0.00000000000000000	0.12024582755698351	0.00719877723554783	0.02554278014427126	0.00000000000000000	0.00000000000000000	0.43708983970650134	0.90366553158147733
Patient133	0.77043592643385872	0.01842396458678203	0.03771226693528698	0.03935466625418744	0.02155202553002264	0.02031288360875459	0.00948186010514401	0.03186698460967149	0.01756454488236041	0.03329487705393155	0.00000000000000000	0.00000000000000000	0.53313585222181048	0.87683024777102170
Patient134	0.44871884728926836	0.01278861508559860	0.08725249971134016	0.04617388014438173	0.11993184328707021	0.01767642285796332	0.00850048396201589	0.22070915906909475	0.01954442060086450	0.01870382799240248	0.00000000000000000	0.00000000000000000	0.32964593314020013	0.95227264831242864
Patient135	0.76168597666376192	0.01851901724712793	0.04117429435591777	0.03775841450533939	0.00000000000000000	0.02366483664504327	0.01501128992381770	0.00000000000000000	0.02008703295669417	0.04798720610116617	0.03411193160113158	0.00000000000000000	0.56215083818554368	0.85193177589730085
Patient137	0.49940609739239217	0.00412181238193191	0.18745382105802333	0.02898751898803580	0.03130495081818681	0.00000000000000000	0.00000000000000000	0.02167268147258496	0.21045501695460836	0.01659810093423671	0.00000000000000000	0.00000000000000000	0.46989600690357491	0.88885275295840915
Patient13	0.94175319847569350	0.00079510189172612	0.01601765474402738	0.01213906301311165	0.00000000000000000	0.00333180685194482	0.00577758675534768	0.00000000000000000	0.00638366470237056	0.01380192356577825	0.00000000000000000	0.00000000000000000	0.64666177841422612	0.81799088313005652
Patient140	0.90822346488044181	0.00323161890164855	0.01045992549073586	0.02538303853090777	0.00000000000000000	0.00610492423955726	0.00148142626352583	0.02331904023153646	0.00420687532355223	0.00175578342966874	0.01583390270842538	0.00000000000000000	0.53944397994037119	0.91190579651608750
Patient141	0.70471412110952780	0.02503639458136066	0.06407847610581485	0.05400207515219059	0.00584283354306072	0.01896721753635525	0.03302178576950229	0.00000000000000000	0.02340067966748279	0.05718922500575348	0.01374719152895161	0.00000000000000000	0.47225514548202957	0.91052867835623752
Patient142	0.76582980391701783	0.00314904180683884	0.00561851050473934	0.09292573263967834	0.00000000000000000	0.00538272047119348	0.00492827624442855	0.02697933928213899	0.00393880869415921	0.01350363607596992	0.07774413036383566	0.00000000000000000	0.13957470876758846	1.15203725692089787
Patient143	0.08843882869212956	0.08619822447984087	0.00000000000000000	0.18552544989355566	0.00000000000000000	0.30053969872094949	0.05170613417802105	0.00000000000000000	0.00000000000000000	0.28759166403550335	0.00000000000000000	0.00000000000000000	0.00518671684339276	1.12474168152157805
Patient144	0.89325551056782304	0.00000000000000000	0.00000000000000000	0.05248620079456574	0.00608561061590558	0.00000000000000000	0.00000000000000000	0.04188028832887507	0.00000000000000000	0.00000000000000000	0.00629238969283068	0.00000000000000000	0.27177587300985856	1.12491619120468767
Patient145	0.68716417262948826	0.00000000000000000	0.00124858554396963	0.23859875522261259	0.00000000000000000	0.00388802318354044	0.00000000000000000	0.04976360797106665	0.01933685544932231	0.00000000000000000	0.00000000000000000	0.00000000000000000	0.09079440811890385	1.15559888512571463
Patient146	0.86279625304415020	0.00000000000000000	0.01455118826970383	0.02100911736886898	0.05131386164481341	0.00000000000000000	0.00000000000000000	0.05032957967246365	0.00000000000000000	0.00000000000000000	0.00000000000000000	0.00000000000000000	0.52184917298711331	0.91128021638065582
Patient147	0.92551890649065938	0.00604607375563990	0.01704507311438722	0.00934002749442705	0.00000000000000000	0.00939612228385009	0.00350402054713269	0.01205870232437782	0.00535729197717755	0.00661333561911903	0.00512044639322910	0.00000000000000000	0.49524769541289726	0.95889091863804332
Patient148	0.72677356401125826	0.01747858799512165	0.01470244560014674	0.05400293088781825	0.06269479607699552	0.00688786173807575	0.01423077658281287	0.04407193219928007	0.01520651447859272	0.02193629151949174	0.02201429891040635	0.00000000000000000	0.42352982248755477	0.94799625763685369
Patient149	0.63210279872425956	0.01777511283447711	0.10805332916738324	0.11052004584533903	0.01284465050299775	0.00000000000000000	0.00000000000000000	0.11410826835244846	0.00459579457309489	0.00000000000000000	0.00000000000000000	0.00000000000000000	0.14282101257932547	1.10002132354294990
Patient14	0.69688956289705994	0.01012418931766972	0.01816915494147142	0.04885265948048848	0.11609202647884218	0.00794258258972155	0.00860840737829290	0.06801513129791908	0.01571996341836403	0.00958632220017066	0.00000000000000000	0.00000000000000000	0.35740200471646949	0.98461628568957238
Patient150	0.75939773951843270	0.01062652683420035	0.09459684186951303	0.04321017236589215	0.01033914400414690	0.00758068695421521	0.01515227347474381	0.00868764224333254	0.01381704250891721	0.03659193022660633	0.00000000000000000	0.00000000000000000	0.44520994484108056	0.94590555196487791
Patient154	0.14122574800299431	0.00000000000000000	0.00000000000000000	0.17683843777876229	0.59548427330529219	0.00000000000000000	0.00000000000000000	0.08645154091295132	0.00000000000000000	0.00000000000000000	0.00000000000000000	0.00000000000000000	0.20656311117851542	1.03787453680531128
Patient155	0.69901069292722295	0.00000000000000000	0.00000000000000000	0.07438339054172727	0.20048821803887329	0.00000000000000000	0.00000000000000000	0.00000000000000000	0.00000000000000000	0.02611769849217651	0.00000000000000000	0.00000000000000000	0.48803504090849276	0.89753487381954278
Patient156	0.71484591837167410	0.00000000000000000	0.13898942501252590	0.08666055887872016	0.00000000000000000	0.00000000000000000	0.00000000000000000	0.02068639965963631	0.00000000000000000	0.00000000000000000	0.03881769807744373	0.00000000000000000	0.34182491871019699	1.01215184279911341
Patient158	0.88426193271571607	0.01005733700148778	0.01655736371501974	0.01254971700335840	0.01539401329907848	0.00850766836842420	0.01188730985167570	0.00000000000000000	0.01120170905811167	0.02958294898712804	0.00000000000000000	0.00000000000000000	0.64158302563397240	0.80626864256888142
Patient159	0.68734998552873872	0.01365903516602458	0.07883971445091333	0.01733562622579241	0.00000000000000000	0.02855620707617759	0.02302716112954780	0.05366931605012985	0.02032108484659390	0.03926050369304315	0.03798136583303852	0.00000000000000000	0.64508908768227258	0.77455310759636598
Patient15	0.75008380718903245	0.00000000000000000	0.04477394057830043	0.04697853784748687	0.02742695922613354	0.00000000000000000	0.00000000000000000	0.06447288540583695	0.05097348137009729	0.00000000000000000	0.01529038838311238	0.00000000000000000	0.42992136671969355	0.95089040829523241
Patient162	0.62537392766438527	0.00000000000000000	0.14802059708785764	0.05739530635286447	0.08956891156483510	0.00000000000000000	0.00000000000000000	0.05433793956148455	0.02530331776857297	0.00000000000000000	0.00000000000000000	0.00000000000000000	0.27216934474847193	1.02780966499390169
Patient163	0.77974393886857118	0.01474484466736545	0.00051916709099272	0.00036950071911471	0.04899320572245621	0.00407590164681381	0.00115973851751464	0.14540906279896268	0.00498463996820855	0.00000000000000000	0.00000000000000000	0.00000000000000000	0.46194302970618673	0.93348441654914183
Patient165	0.77902140707905010	0.02192920851506440	0.03150615136201314	0.02867341611917187	0.03952118392549001	0.00249157689695286	0.02029656556242610	0.00000000000000000	0.02205425062305434	0.05259943736882854	0.00190680254794855	0.00000000000000000	0.73618376720211076	0.69310416468782476
Patient166	0.79073708285477151	0.01785881574193319	0.03545793971696534	0.03569505614355310	0.00000000000000000	0.01586600895849974	0.02562510411774850	0.00000000000000000	0.01760035464624126	0.04140633354719798	0.01975330427308954	0.00000000000000000	0.48159826438885511	0.92399293342467748
Patient167	0.59500006152925966	0.00259610539494875	0.23969066383676335	0.05295743813468731	0.00000000000000000	0.00000000000000000	0.00073941725624652	0.06785357141195154	0.01024662635319257	0.01716875097962351	0.01374736510332704	0.00000000000000000	0.43299983583409835	0.93018739379452653
Patient168	0.94037889656324392	0.00104382987992198	0.01208606550021893	0.01116208943586343	0.00000000000000000	0.00383542271847782	0.00281746094472672	0.02527448618215357	0.00340174877539356	0.00000000000000000	0.00000000000000000	0.00000000000000000	0.53984311938570750	0.92389790872843891
Patient169	0.82295055071306911	0.00369845399200169	0.02898176128270090	0.05012042295722619	0.00000000000000000	0.01075785430020520	0.00642527238533807	0.04942580062906668	0.01847022420867248	0.00916965953172007	0.00000000000000000	0.00000000000000000	0.62855042828784657	0.80442010844642575
Patient170	0.80214638923247494	0.00564009084861850	0.02062104923449215	0.01916908672015006	0.07166346227734942	0.00000000000000000	0.00386238874906596	0.06217782743511747	0.00738467766302988	0.00733502783970156	0.00000000000000000	0.00000000000000000	0.34161577774556212	1.03186286601524535
Patient172	0.24564298350487498	0.00546357135071201	0.00970436590649328	0.13371294577532300	0.41318353457376938	0.00000000000000000	0.00347588853660550	0.09046104602739508	0.02650970965223231	0.07184595467259444	0.00000000000000000	0.00000000000000000	0.23730107422957056	0.99126677852419343
Patient173	0.87007744808264120	0.00247744324306976	0.00000000000000000	0.00775203956724893	0.09100639193888076	0.00511867138283218	0.00102783740181502	0.02003903791086847	0.00250113047264371	0.00000000000000000	0.00000000000000000	0.00000000000000000	0.54036633596343986	0.89694493404605635
Patient179	0.69068642863931029	0.02391254799974920	0.02365637981368033	0.02599089194746926	0.00000000000000000	0.02183647658253704	0.01973252733701256	0.10193745626773382	0.01697679973059239	0.00157279443993335	0.07369769724198169	0.00000000000000000	0.66068153957359155	0.75937383655742541
Patient17	0.62030041105209444	0.02787399482228855	0.14348123618906694	0.06932594870809448	0.00113222441114053	0.00279737210755990	0.00734999693291980	0.07896161953546772	0.02185315141137015	0.02692404482999754	0.00000000000000000	0.00000000000000000	0.52267452406037951	0.86396606430472911
Patient181	0.55543164053355343	0.00000000000000000	0.05173544518530499	0.00484495763973296	0.26115221191465621	0.00000000000000000	0.00000000000000000	0.08093295596729488	0.04552272508422339	0.00038006367523422	0.00000000000000000	0.00000000000000000	0.31358224335233270	0.98026738606465180
Patient183	0.31016617594900403	0.02307173910035360	0.03540917081232674	0.10864750942885072	0.19894208092810267	0.00329504242597555	0.03840000059884589	0.24842329767025062	0.03364498308629012	0.00000000000000000	0.00000000000000000	0.00000000000000000	0.27077305102103166	0.96704080046413821
Patient184	0.77858389815149698	0.02230245239515533	0.06548518583055103	0.01022654882446500	0.00000000000000000	0.01236487795377348	0.02255268173973355	0.00000000000000000	0.01618361869066631	0.05261392496643869	0.01968681144771946	0.00000000000000000	0.34667435101154076	1.02161148779218824
Patient185	0.67081186762187173	0.00000000000000000	0.03581986712910741	0.04710329954173376	0.23186865727516975	0.00000000000000000	0.00000000000000000	0.01439630843211718	0.00000000000000000	0.00000000000000000	0.00000000000000000	0.00000000000000000	0.49869921018434077	0.88562789914553153
Patient187	0.73480377381294892	0.00101322479934474	0.08145673406762653	0.06227993472176398	0.06280566603405008	0.00000000000000000	0.00000000000000000	0.05764066656426579	0.00000000000000000	0.00000000000000000	0.00000000000000000	0.00000000000000000	0.25312406164471579	1.07001754043982289
Patient188	0.93251968928020135	0.00216480784925808	0.00863259375665934	0.01270349236571959	0.00342691932124870	0.00698750425844944	0.00699329729087005	0.00000000000000000	0.00783800564676826	0.01873369023082509	0.00000000000000000	0.00000000000000000	0.46957603162030515	0.98468227061363955
Patient18	0.86543716616428501	0.00647845496817526	0.03127014252289664	0.01375936183144756	0.00000000000000000	0.00848912758208206	0.00804641435100530	0.00000000000000000	0.01211305391664323	0.03196466735021294	0.02244161131325199	0.00000000000000000	0.44447520156179221	0.97898384005551409
Patient1	0.69215992912972235	0.02446214910330352	0.01736998148000141	0.03925975754424944	0.04269903169663009	0.01246790291186686	0.01835256313009360	0.12466640643283458	0.02856227857129809	0.00000000000000000	0.00000000000000000	0.00000000000000000	0.18655870214386663	1.08826891769846235
Patient20	0.66425758570791305	0.01445387045243543	0.15951826355986842	0.05554881698521544	0.00000000000000000	0.02936756807568352	0.00000000000000000	0.00000000000000000	0.01673352716351832	0.03391382202118297	0.02620654603418289	0.00000000000000000	0.33069717077665284	1.00381838695627645
Patient21	0.77253081801212020	0.02640475533870210	0.03316915061811624	0.01893064617092340	0.00000000000000000	0.01320255080672387	0.02743824122042408	0.00000000000000000	0.01992220047746334	0.06332080571974975	0.02508083163577699	0.00000000000000000	0.64015646002597826	0.78607659418776421
Patient22	0.74031703278836891	0.02145499439105151	0.02851285114533461	0.03806431815181516	0.00000000000000000	0.01256047247428376	0.01988783365719292	0.03420671860222634	0.01659185802779764	0.02841077877457944	0.05999314198734959	0.00000000000000000	0.39441853490634060	0.97294647317828709
Patient23	0.77594794334033645	0.00000000000000000	0.13347120196054546	0.01033020654514251	0.00000000000000000	0.00000000000000000	0.00000000000000000	0.05140713646839274	0.00000000000000000	0.00000000000000000	0.02884351168558274	0.00000000000000000	0.49163897174720311	0.91680179823943975
Patient24	0.70038862726687690	0.02879514392488292	0.08023177418669014	0.02610209363833096	0.03980063480972484	0.00000000000000000	0.03342723646152114	0.00000000000000000	0.02248115091433384	0.05334384960618515	0.01542948919145415	0.00000000000000000	0.43606372340955263	0.93550064182088033
Patient25	0.58560194021093048	0.00000000000000000	0.01449608036841032	0.19874404175464938	0.04951933407601304	0.00000000000000000	0.00000000000000000	0.13845940758752590	0.00000000000000000	0.00000000000000000	0.01317919600247106	0.00000000000000000	0.24520865840351141	1.02700559756844800
Patient27	0.84182273657855755	0.02922072720493371	0.00987831390576839	0.00121275556175954	0.02045355826688247	0.00357818002839141	0.00087258973898896	0.07601649834465313	0.01694464037006500	0.00000000000000000	0.00000000000000000	0.00000000000000000	0.46703346040920729	0.95054792409489852
Patient30	0.59963205126445795	0.00000000000000000	0.13486877279151460	0.04161692060449330	0.00000000000000000	0.00000000000000000	0.00000000000000000	0.01263106006284073	0.04750423001902818	0.00000000000000000	0.16374696525766527	0.00000000000000000	0.26628996844920905	1.02258881279952085
Patient31	0.66538270906794850	0.02782218413880825	0.08361950012214266	0.04350394504893203	0.00000000000000000	0.01622673199073067	0.02663892384786559	0.04317474948615763	0.02095930083348988	0.03659133469785660	0.03608062076606818	0.00000000000000000	0.47656745300242787	0.89960417895228473
Patient32	0.75907272007584869	0.00000000000000000	0.05211222504714796	0.02876264358986506	0.05627826204389705	0.00000000000000000	0.00198078923063784	0.10179336001260336	0.00000000000000000	0.00000000000000000	0.00000000000000000	0.00000000000000000	0.18531424083578349	1.12005950516929742
Patient33	0.10416311955065889	0.06100576451093988	0.14873620610041138	0.03497323666260733	0.45573765245866099	0.00429426996494860	0.01410433221408569	0.12883318625679122	0.01912636150384124	0.02902587077705476	0.00000000000000000	0.00000000000000000	0.33274590876221027	0.95251520613546625
Patient34	0.36199262784738773	0.01197193620403895	0.04264259411765488	0.07640023689512082	0.09670498849267203	0.00000000000000000	0.00994595159946849	0.38243503960725411	0.01790662523640285	0.00000000000000000	0.00000000000000000	0.00000000000000000	0.05617591212365021	1.05268817234968948
Patient35	0.48449868455834622	0.00586308490615168	0.10025042232907262	0.14119813908239587	0.13189177220780171	0.00000000000000000	0.01731026273377669	0.07416872621274229	0.03144442478758057	0.01337448318213219	0.00000000000000000	0.00000000000000000	0.38590881260607607	0.93300840699644960
Patient36	0.45313066142601599	0.00000000000000000	0.10298634569706329	0.22024124325698377	0.05645516272487997	0.00000000000000000	0.00966434043415352	0.15752224646090340	0.00000000000000000	0.00000000000000000	0.00000000000000000	0.00000000000000000	0.18284818429203911	1.03621782590354750
Patient37	0.47505481346226330	0.04887058205088053	0.18335359237936494	0.08859523875972279	0.00000000000000000	0.00644438342548810	0.00000000000000000	0.13991840779430167	0.02986610009149124	0.01692896947777025	0.01096791255871722	0.00000000000000000	0.28692465533244554	0.98663839306022882
Patient38	0.67756341152158595	0.02117569944164406	0.05292712273103172	0.03762858352810090	0.00000000000000000	0.00000000000000000	0.03135256282778628	0.00000000000000000	0.02640938540689702	0.06698926300480823	0.08595397153814598	0.00000000000000000	0.34239388929121800	0.99079652839451915
Patient40	0.92393001154986554	0.00000000000000000	0.00946497417432462	0.01014878128714995	0.00086475546776393	0.00941896943467520	0.00679508698793366	0.01314448655812586	0.01255064032756903	0.01368229421259218	0.00000000000000000	0.00000000000000000	0.52145947900539025	0.93448998587892607
Patient42	0.81845997761233247	0.01237551034527695	0.02834685574951052	0.01167061136468774	0.00000000000000000	0.00828200029122506	0.00828336447949478	0.07839971891292954	0.01099613138550066	0.00000000000000000	0.02318582985904225	0.00000000000000000	0.48898401478808035	0.92497415446164710
Patient44	0.47134351839608718	0.02321376405691295	0.13251029047872540	0.00000000000000000	0.00238701353123033	0.00000000000000000	0.00000000000000000	0.28817095999447917	0.00863015359349599	0.00000000000000000	0.07374429994906900	0.00000000000000000	0.47322395283427721	0.88085987913564734
Patient45	0.72336673544945196	0.00000000000000000	0.09161634624187638	0.06414651410327470	0.00000000000000000	0.00000000000000000	0.00000000000000000	0.05765710411040446	0.02474601564486206	0.00903059716615057	0.02943668728398000	0.00000000000000000	0.54173132729781359	0.86236313039565782
Patient47	0.89664804997881842	0.00000000000000000	0.00000000000000000	0.00000000000000000	0.08206597859596489	0.00000000000000000	0.00000000000000000	0.02128597142521673	0.00000000000000000	0.00000000000000000	0.00000000000000000	0.00000000000000000	0.43264868311581078	0.99984240758353549
Patient48	0.64546346660713572	0.02840653131681839	0.04421843727939585	0.03551481736297004	0.00000000000000000	0.01943413887081930	0.02491648227720018	0.09458882865945875	0.02856241332304292	0.03526031540825285	0.04363456889490603	0.00000000000000000	0.54134671545538338	0.84925112210320985
Patient4	0.74408857928718142	0.00082044617385186	0.00000000000000000	0.02972034237297545	0.00619363969864935	0.00349041506114277	0.00000000000000000	0.20739995371474135	0.00314042704829982	0.00000000000000000	0.00514619664315785	0.00000000000000000	0.38298172608943115	0.98165595945541917
Patient51	0.69813517506408385	0.00620043428757886	0.01304258743099197	0.12562917086415307	0.10542127120319959	0.00514911097267559	0.00579383288621722	0.03215072717648753	0.00349018159476061	0.00498750851985170	0.00000000000000000	0.00000000000000000	0.30098154405604499	1.02497659146920728
Patient58	0.76013928722781954	0.02202619213765794	0.01819438003780072	0.00000000000000000	0.09453718813294933	0.00801574962150055	0.01641066828668644	0.03179681908423439	0.01618425956832770	0.03269545590302343	0.00000000000000000	0.00000000000000000	0.47901161074908966	0.91580914752113407
Patient61	0.58851568314950198	0.00000000000000000	0.13718536641691098	0.00000000000000000	0.21494599678394352	0.00000000000000000	0.00000000000000000	0.00000000000000000	0.03847990477316229	0.02087304887648135	0.00000000000000000	0.00000000000000000	0.21692195716873999	1.05017551578635593
Patient62	0.84451044822916133	0.00432688562725610	0.05375971937246363	0.04107100428277750	0.00000000000000000	0.00758892104389826	0.00000000000000000	0.01975313123736622	0.00729026102007653	0.01600204013379444	0.00569758905320606	0.00000000000000000	0.43940772610300177	0.97618661603776380
Patient63	0.75132451503272202	0.01741216503701972	0.04824049717071455	0.02919794601143799	0.00000000000000000	0.01690209612439821	0.02576232908794654	0.00000000000000000	0.02344922758325132	0.06186076155537235	0.02585046239713728	0.00000000000000000	0.61172003601604930	0.80863349893366721
Patient67	0.79721974049105060	0.00496568479150481	0.01652998094091045	0.01012197749538175	0.08892758537659572	0.01296221902969853	0.01191915004000601	0.01445876547253840	0.01750923241811311	0.02538566394420059	0.00000000000000000	0.00000000000000000	0.63605733172757883	0.79198159529450696
Patient6	0.78732675077434455	0.01505896723563457	0.02371483530378734	0.02680494556963750	0.06379237593475912	0.00673209275911090	0.01545261558867286	0.00000000000000000	0.01462277017531848	0.04649464665873464	0.00000000000000000	0.00000000000000000	0.55199918976327589	0.86494807481646108
Patient72	0.54204956199804943	0.00000000000000000	0.07526971985363072	0.09519767515666974	0.00000000000000000	0.00000000000000000	0.00000000000000000	0.12884189916059732	0.15539337272451981	0.00000000000000000	0.00324777110653289	0.00000000000000000	0.30152980131298385	0.98434650064756790
Patient73	0.86886887977355820	0.01599844673827055	0.01740026418809976	0.02409435720507114	0.00371008090534250	0.01186455286810895	0.01571704857238950	0.00000000000000000	0.01224928681975481	0.03009708292940460	0.00000000000000000	0.00000000000000000	0.68879844651840783	0.75415378068320926
Patient75	0.79063586192673996	0.00703934229702704	0.01233375367602210	0.00794086646368338	0.00000000000000000	0.00066995631542980	0.00000000000000000	0.01824097494605728	0.03950345481490163	0.00657145298654948	0.11706433657358917	0.00000000000000000	0.52821486754739300	0.88471838610125664
Patient77	0.62142806258092498	0.00000000000000000	0.17815754862447103	0.03141963956854263	0.00000000000000000	0.00000000000000000	0.00000000000000000	0.03057113176917175	0.01167614397536163	0.00000000000000000	0.12674747348152787	0.00000000000000000	0.40861491036263292	0.94472548407377011
Patient78	0.74961489642130852	0.00930054357164087	0.13406329470372289	0.01438548329197467	0.02160050868536287	0.01189037884122012	0.00686640275955761	0.00672253804896303	0.01460209273886077	0.03095386093738872	0.00000000000000000	0.00000000000000000	0.52477946310676671	0.88416142085738791
Patient79	0.42705426176107553	0.00830084265693410	0.28291599432485853	0.02694800505646376	0.00000000000000000	0.01261355720080353	0.00380446765772747	0.14557736702974813	0.05061874204843967	0.00000000000000000	0.04216676226394923	0.00000000000000000	0.30813716910259120	0.98089384334643159
Patient7	0.83788680947312999	0.00779254144517884	0.00861280072835506	0.02784019076364562	0.00000000000000000	0.00944390940200488	0.00743586220063533	0.07801448570958386	0.01280246194564693	0.00000000000000000	0.01017093833181944	0.00000000000000000	0.35439529268473130	1.03712120082625603
Patient82	0.80116823691646633	0.00685993854883891	0.03930600047921734	0.00000000000000000	0.06792709081094019	0.01206112339237998	0.01486952397143420	0.02340663892119192	0.01210707279798490	0.02229437416154636	0.00000000000000000	0.00000000000000000	0.41388933523646854	0.97861362150506548
Patient83	0.83834967565669150	0.00944901351678445	0.02320534221283703	0.05151921297933468	0.00000000000000000	0.00535812994330353	0.00130472841434806	0.04717171870789403	0.00778971297275012	0.00000000000000000	0.01585246559605671	0.00000000000000000	0.34775216377382234	1.04302808903645006
Patient86	0.16692140923208656	0.09094400227952348	0.23665091371008121	0.04497066781909480	0.06166722085478882	0.00000000000000000	0.00000000000000000	0.27879504239869213	0.12005074370573314	0.00000000000000000	0.00000000000000000	0.00000000000000000	0.41638545380347614	0.90767258998451938
Patient87	0.61968459989804647	0.05587103243802937	0.01089719920721269	0.02342401874914737	0.00000000000000000	0.00855486872759753	0.00000000000000000	0.23490658192239558	0.01960135847357080	0.01765366676741008	0.00940667381659008	0.00000000000000000	0.43179765236354017	0.91819090179300833
Patient8	0.66837849303777441	0.01569789586837901	0.04867793424760057	0.08732939844022304	0.00000000000000000	0.02160817712471414	0.01957694147016281	0.04816312514863115	0.01437866407481988	0.02765878934073943	0.04853058124695565	0.00000000000000000	0.09480480092836226	1.13311063420723324
Patient94	0.84864339935059907	0.00889885819821963	0.02416672301139348	0.00426511732594644	0.04760592202076824	0.00000000000000000	0.01391290396037806	0.00765589158777278	0.01580556055735415	0.02904562398756801	0.00000000000000000	0.00000000000000000	0.70118881450798032	0.73617120871472697
Patient96	0.59782971113100347	0.02353878975302384	0.08148434998876740	0.05538432999321172	0.02694950478162261	0.02555616027055914	0.02166082172020574	0.09693330525757470	0.01739508188371241	0.02928981828072221	0.02397812693959676	0.00000000000000000	0.51827585386240205	0.86205123668035022
Patient98	0.60498354494577722	0.00000000000000000	0.09561344158742623	0.10682341302273901	0.01697563471961207	0.00000000000000000	0.00578731396060589	0.12196204181139657	0.04785460995244308	0.00000000000000000	0.00000000000000000	0.00000000000000000	0.22363774421455396	1.04380044135193351
Patient99	0.68607523166430406	0.00922335520964302	0.09114072091837311	0.05104620548763932	0.06178845574414664	0.01008472436129052	0.01147070308882094	0.03983109844481947	0.01249958030366993	0.02683992477729314	0.00000000000000000	0.00000000000000000	0.40427869618056461	0.95420891524409646
Patient9	0.64096293656221281	0.02807949002426363	0.03726806521953058	0.02211481441012154	0.00000000000000000	0.01942352507548751	0.01486050575199981	0.16682434016256587	0.02110001321376800	0.00000000000000000	0.04936630958005012	0.00000000000000000	0.63994494674467139	0.77484351493106252
Patient56	0.45215218704151205	0.00000000000000000	0.02280652978997771	0.14701193684002636	0.26180532698090164	0.00000000000000000	0.00000000000000000	0.11622401934758234	0.00000000000000000	0.00000000000000000	0.00000000000000000	0.00000000000000000	0.25457906463196245	0.99703980959719063
Patient191	0.80079746493164183	0.01254574435752318	0.03255188884998391	0.04114037693614023	0.00000000000000000	0.01099323213016944	0.01443039901560410	0.08468113518513529	0.00000000000000000	0.00152300676172154	0.00133675183208023	0.00000000000000000	0.62595356851882833	0.80224121030399331
Patient189	0.24422269593561372	0.00000000000000000	0.06136220525417747	0.00000000000000000	0.59512937754055883	0.00000000000000000	0.00663374459896517	0.06125152049870723	0.01239082069461760	0.01900963547736003	0.00000000000000000	0.00000000000000000	0.49395678759684775	0.86849192306642353
Patient200	0.66068817239707434	0.00000000000000000	0.14330726690200479	0.06481166785231969	0.00000000000000000	0.00000000000000000	0.00352286319317717	0.00000000000000000	0.02441691865832459	0.00265775033954252	0.10059536065755703	0.00000000000000000	0.40324093305058734	0.95479152900828923
Patient201	0.87921673627592256	0.00000000000000000	0.00755974937872840	0.01631238796733564	0.00000000000000000	0.00000000000000000	0.00144742572507622	0.00093092177537787	0.00503910541034980	0.00747149428329944	0.08202217918391007	0.00000000000000000	0.28197811383518773	1.11041972739950712
Patient203	0.69150469233196499	0.00000000000000000	0.02398535422697893	0.03886063534312418	0.18446151474266068	0.00000000000000000	0.00000000000000000	0.04287556807145507	0.00436692327123423	0.01394531201258194	0.00000000000000000	0.00000000000000000	0.32444490787464675	1.00673504552842852
Patient193	0.48971845614546827	0.00000000000000000	0.16664376628048871	0.09111573596647528	0.00000000000000000	0.00716942809552856	0.00000000000000000	0.09635025432812194	0.01479177832556102	0.02410967121355749	0.11010090964479875	0.00000000000000000	0.27052584134078606	0.99792456419639819
Patient195	0.76372042129149542	0.03462574107368894	0.02552573601144011	0.01598249470342249	0.00533292845520620	0.00740520018829485	0.00778797478036421	0.12648023798095842	0.01313926551512917	0.00000000000000000	0.00000000000000000	0.00000000000000000	0.53443863014968829	0.87286659859224214
Patient196	0.81060084238588337	0.00738369259483352	0.03484313775082892	0.01853337776101689	0.00000000000000000	0.01786998614689622	0.01376754015426739	0.02614943987226453	0.01039331862916725	0.01614948006666202	0.04430918463817973	0.00000000000000000	0.56311938880246137	0.86105074651001490
Patient197	0.93847424425162707	0.00556310473772936	0.00355082732565672	0.00959665886372388	0.00000000000000000	0.01218755736840342	0.00643917003838404	0.01613104924640892	0.00411684089019639	0.00394054727787033	0.00000000000000000	0.00000000000000000	0.66424244400864818	0.79737089913254466
Patient204	0.70143697468466137	0.00992042327379146	0.03919828466334630	0.00000000000000000	0.13044653668312647	0.01056463798876804	0.01758190591022495	0.03343086048810379	0.01797803488490969	0.03944234142306789	0.00000000000000000	0.00000000000000000	0.53557931500718392	0.86082981479896969
Patient205	0.72330492062865837	0.00000000000000000	0.09220750860568372	0.14310403177665568	0.02497007094028975	0.00000000000000000	0.00000000000000000	0.01641346804871238	0.00000000000000000	0.00000000000000000	0.00000000000000000	0.00000000000000000	0.37257712997548481	0.99200872785308059
Patient206	0.67658881116450975	0.00000000000000000	0.05751088884744879	0.15279520634010896	0.08713399473964764	0.00000000000000000	0.00577165689377595	0.00000000000000000	0.02019944201450884	0.00000000000000000	0.00000000000000000	0.00000000000000000	0.17313886963402317	1.10090405042652240
