Mixture	B cells	T cells CD8	T cells CD4	Macrophages	Dendritic cells	Mast cells	Myocytes	CAFs	Endothelial cells	Malignant cells	P-value	Correlation	RMSE
Patient100	0.02141569771581381	0.18122786093636947	0.00329591813726002	0.55358238688306383	0.00342247509558420	0.00000000000000000	0.00000000000000000	0.22869363864185838	0.00836202259005035	0.00000000000000000	0.00000000000000000	0.30512030496819864	0.96330039995601280
Patient102	0.00000000000000000	0.00000000000000000	0.05429624194084226	0.20108664243322977	0.04379146797398948	0.00000000000000000	0.00000000000000000	0.69020697262238806	0.01061867502955043	0.00000000000000000	0.00000000000000000	0.13758806537160950	1.01485188379804092
Patient105	0.02888596119854239	0.00000000000000000	0.02513146213315468	0.05849560575737954	0.44756410142726971	0.00040937311378910	0.00000000000000000	0.35631126304861799	0.08228051966778224	0.00092171365346430	0.00000000000000000	0.02079084342214089	1.05277091441434512
Patient106	0.02764122379678622	0.00000000000000000	0.00000000000000000	0.60025970333886214	0.02212158408435098	0.00000000000000000	0.00000000000000000	0.32363183509091631	0.02634565368908440	0.00000000000000000	0.00000000000000000	0.04636777929887646	1.09262879837049720
Patient107	0.02334923548899656	0.12650558566426953	0.00000000000000000	0.05158327225184261	0.07285776543716185	0.00000000000000000	0.00000000000000000	0.63750831774625860	0.03232069331449984	0.05587513009697103	0.00000000000000000	0.13129714623558908	1.00771813373604280
Patient108	0.02499450012551426	0.00000000000000000	0.00256120738032311	0.07678934549185951	0.34307420123525961	0.00021387203392511	0.00128458677172378	0.55051164390315754	0.00000000000000000	0.00057064305823710	0.00000000000000000	0.02050096153019396	1.05286783936126094
Patient10	0.02761338964667553	0.02135311830112997	0.00000000000000000	0.15571497504465462	0.09297999553997190	0.00000000000000000	0.00000000000000000	0.60014130831801915	0.10219721314954884	0.00000000000000000	0.00000000000000000	0.14308826220297979	1.00840121470132038
Patient112	0.00630284341790259	0.02176768914893166	0.00000000000000000	0.08350331460786234	0.08432423276907015	0.00000000000000000	0.00000000000000000	0.56501886892511699	0.06932207159889807	0.16976097953221825	0.00000000000000000	0.06286825843631656	1.03157459663639872
Patient116	0.00000000000000000	0.00000000000000000	0.00000000000000000	0.10263993039101225	0.05910409926795283	0.00000000000000000	0.00000000000000000	0.61359953403849710	0.10757606278859067	0.11708037351394714	0.00000000000000000	0.13775191851751653	1.00930715571191421
Patient117	0.00846482198377965	0.00674019356113566	0.00000000000000000	0.64486589494545776	0.00000000000000000	0.00000000000000000	0.00000000000000000	0.30001560882427825	0.03991348068534877	0.00000000000000000	0.00000000000000000	0.23245761489751501	1.01156406921614384
Patient11	0.00000000000000000	0.01895519776074408	0.00000000000000000	0.38604184396990188	0.12249281856497674	0.00156073043875609	0.00000000000000000	0.36044027910693088	0.11050913015869035	0.00000000000000000	0.00000000000000000	0.07461770753300465	1.04740440483393948
Patient121	0.01300890979448512	0.00000000000000000	0.02993472822018702	0.41047392806666444	0.00000000000000000	0.00000000000000000	0.00000000000000000	0.44476616751985687	0.04750790783429992	0.05430835856450669	0.00000000000000000	0.09319448845484000	1.03880377260122425
Patient125	0.20259975461919724	0.26502039904589930	0.06284855504937351	0.41375032361316050	0.00583032993161865	0.00000000000000000	0.00000000000000000	0.04651861372319354	0.00343202401755739	0.00000000000000000	0.00000000000000000	0.39743166488610648	0.91919155489537274
Patient126	0.01777903032486891	0.00000000000000000	0.00278675035289239	0.52086571715323360	0.00000000000000000	0.00000000000000000	0.00000000000000000	0.44009714669835170	0.01847135547065317	0.00000000000000000	0.00000000000000000	0.14459672594381170	1.03522794184106681
Patient127	0.00000000000000000	0.00000000000000000	0.00000000000000000	0.12296935926964554	0.23874710681615868	0.00182648233077428	0.00000000000000000	0.40812512139282170	0.22833193019059975	0.00000000000000000	0.00000000000000000	0.02386830960023922	1.04448846639664850
Patient130	0.09538711992727647	0.01871027865150902	0.00000000000000000	0.56447307438298766	0.07681085426647606	0.00000000000000000	0.00000000000000000	0.24461867277175087	0.00000000000000000	0.00000000000000000	0.00000000000000000	0.14007990150413893	1.04860494401601212
Patient131	0.00000000000000000	0.00000000000000000	0.04288394147179843	0.61641677115413551	0.12508975471926601	0.00000000000000000	0.00000000000000000	0.19376903039450472	0.02184050226029540	0.00000000000000000	0.00000000000000000	0.20447416621591066	1.02663915785176263
Patient132	0.03808070296998218	0.00561891365822726	0.09764389211069295	0.37649038647528849	0.03297098746186357	0.00000000000000000	0.00000000000000000	0.39323672652968289	0.05595839079426268	0.00000000000000000	0.00000000000000000	0.14093185419951923	1.01648208038604659
Patient133	0.01877741175993757	0.03832742213023270	0.00000000000000000	0.46460829283199973	0.26076112465308487	0.00036155190870017	0.00000000000000000	0.09840127912284445	0.04111468175746615	0.07764823583573431	0.00000000000000000	0.11578645857869943	1.05075405264230159
Patient134	0.13961894497035929	0.00000000000000000	0.08651138239283961	0.15043886538877960	0.02710162046604516	0.00011957956669390	0.00000000000000000	0.39981931832888695	0.05484984990270753	0.14154043898368796	0.00000000000000000	0.25343823275185512	0.97021706030164656
Patient135	0.01177293456376196	0.01424150150150535	0.00000000000000000	0.36927769531384153	0.06496707756315766	0.00000000000000000	0.00000000000000000	0.51461432975602306	0.02512646130171045	0.00000000000000000	0.00000000000000000	0.18164456732780968	1.00536715221843154
Patient137	0.07472512602350589	0.04043009175944472	0.11606079442996822	0.51909500199153624	0.07319136331416891	0.00000000000000000	0.00000000000000000	0.14648258364753794	0.03001503883383803	0.00000000000000000	0.00000000000000000	0.30963871848957009	0.96116583793626587
Patient13	0.00010860639237571	0.00000000000000000	0.00000000000000000	0.32484225743196893	0.00000000000000000	0.00000000000000000	0.00000000000000000	0.61123606975985945	0.06381306641579600	0.00000000000000000	0.00000000000000000	0.06810342703049073	1.04681564184757314
Patient140	0.00000000000000000	0.00689119506170776	0.00000000000000000	0.40429558951312949	0.15423732542011159	0.00000000000000000	0.00000000000000000	0.27430781921772429	0.09253915443010598	0.06772891635722102	0.00000000000000000	0.05191822748065934	1.05834157108432292
Patient141	0.00000000000000000	0.00000000000000000	0.00000000000000000	0.00000000000000000	0.20093717551543233	0.00000000000000000	0.00000000000000000	0.75347041060066211	0.04559241388390552	0.00000000000000000	0.00000000000000000	0.10430916631362550	1.02746614717700191
Patient142	0.01003323867972724	0.00000000000000000	0.03649758237528818	0.56056249314348883	0.00000000000000000	0.00000000000000000	0.00000000000000000	0.38532026279480974	0.00758642300668591	0.00000000000000000	0.00000000000000000	0.18651477184335594	1.02086882881364849
Patient143	0.05298253356264256	0.10847278618497623	0.04872394229257959	0.10317222034218444	0.09941318796219326	0.01834768776743239	0.13440161144395693	0.24634149220446386	0.18814453823957081	0.00000000000000000	0.00000000000000000	0.05509445443444719	1.01940500933740053
Patient144	0.00000000000000000	0.00000000000000000	0.00000000000000000	0.19007565681647631	0.01057013007216668	0.00000000000000000	0.00000000000000000	0.69654329727810560	0.10281091583325137	0.00000000000000000	0.00000000000000000	0.16659443342797289	1.00585461611256566
Patient145	0.00000000000000000	0.00000000000000000	0.00000000000000000	0.42496636383724595	0.00000000000000000	0.00000000000000000	0.00000000000000000	0.53518237761250742	0.03985125855024665	0.00000000000000000	0.00000000000000000	0.25998848392479568	0.97772647281256286
Patient146	0.00369119489736828	0.00000000000000000	0.00000000000000000	0.20405697777031656	0.01826041573519296	0.00000000000000000	0.00000000000000000	0.68317220586326211	0.09081920573386017	0.00000000000000000	0.00000000000000000	0.15817988157176746	1.00875724773835396
Patient147	0.00000000000000000	0.00000000000000000	0.00000000000000000	0.08327770074955496	0.11228667814999796	0.00000000000000000	0.00000000000000000	0.62154959394928899	0.18288602715115806	0.00000000000000000	0.00000000000000000	0.05032203205205861	1.03923367405703448
Patient148	0.01157274225276070	0.01936109995104709	0.00000000000000000	0.63757424259589890	0.09742271166752224	0.00000000000000000	0.00017478453582073	0.19265609803908770	0.04123832095786258	0.00000000000000000	0.00000000000000000	0.02035274300150043	1.11841115429161442
Patient149	0.00280968885901368	0.00000000000000000	0.07645457068068814	0.57312379907876831	0.00815308881649724	0.00000000000000000	0.00000000000000000	0.29394544243806781	0.04551341012696490	0.00000000000000000	0.00000000000000000	0.24293791757712668	0.99554712094137987
Patient14	0.00000000000000000	0.00000000000000000	0.05715390023959864	0.45456968761906835	0.02516000302577735	0.00000000000000000	0.00000000000000000	0.39415282677044783	0.06896358234510783	0.00000000000000000	0.00000000000000000	0.14119299025048423	1.02644141869104533
Patient150	0.21572874691904598	0.00000000000000000	0.00000000000000000	0.20496078162320427	0.16765582528914547	0.00000000000000000	0.00000000000000000	0.39963944617375263	0.01201519999485161	0.00000000000000000	0.00000000000000000	0.10978754213499377	1.04004959687326215
Patient154	0.00339330724600055	0.00000000000000000	0.00000000000000000	0.06845823669150393	0.00000000000000000	0.01605772312896415	0.00000000000000000	0.79695659111053130	0.11166179470571019	0.00347234711728998	0.00000000000000000	0.22128530276544087	0.98726507903497152
Patient155	0.00000000000000000	0.00000000000000000	0.00000000000000000	0.09604198185368869	0.01705497201281199	0.00000000000000000	0.00000000000000000	0.19974641711929123	0.02229328452252151	0.66486334449168660	0.00000000000000000	0.18944715586897171	1.04723707841908853
Patient156	0.00000000000000000	0.00000000000000000	0.00000000000000000	0.21358109939592482	0.00000000000000000	0.00000000000000000	0.00000000000000000	0.67268626340621063	0.11373263719786447	0.00000000000000000	0.00000000000000000	0.11478397441029163	1.02460675883159236
Patient158	0.01642268045906319	0.06424023520646807	0.00000000000000000	0.52406441822443384	0.00650848265356139	0.00000000000000000	0.00000000000000000	0.33995315661727177	0.04881102683920183	0.00000000000000000	0.00000000000000000	0.12409992284018109	1.04175146466702051
Patient159	0.01785553713672229	0.01900287181596489	0.00000000000000000	0.34775584486973349	0.09335676182416172	0.00000000000000000	0.00000000000000000	0.41656110662824603	0.10546787772517154	0.00000000000000000	0.00000000000000000	0.03877070428970780	1.05460383758962006
Patient15	0.00003888807641318	0.00880458941412012	0.00000000000000000	0.36748232443294876	0.24364005663724303	0.00000000000000000	0.00000000000000000	0.35507893497986132	0.00333401095902257	0.02162119550039099	0.00000000000000000	0.04331471973666088	1.06364319246880501
Patient162	0.06091655783457393	0.01447946510629737	0.00000000000000000	0.64678797187835968	0.14120632686759504	0.00000000000000000	0.00000000000000000	0.13519610187495734	0.00141357643821668	0.00000000000000000	0.00000000000000000	0.09716520710801782	1.08961928515268203
Patient163	0.05151299364986772	0.00000000000000000	0.00000000000000000	0.20683767276774659	0.07558087194160167	0.00000000000000000	0.00000000000000000	0.59013162042002498	0.07593684122075896	0.00000000000000000	0.00000000000000000	0.05471255801120243	1.04114060701645506
Patient165	0.00000000000000000	0.00000000000000000	0.00000000000000000	0.25303939300765327	0.08074880205076043	0.00000000000000000	0.00000000000000000	0.61741598477838655	0.04879582016319979	0.00000000000000000	0.00000000000000000	0.18667364016143301	0.99886075730477231
Patient166	0.00000000000000000	0.00000000000000000	0.00000000000000000	0.00000000000000000	0.17426132359477461	0.00000000000000000	0.00000000000000000	0.64920736390234357	0.17653131250288179	0.00000000000000000	0.00000000000000000	0.07447474379866333	1.03183708999738588
Patient167	0.00000000000000000	0.00000000000000000	0.00000000000000000	0.58067940378522165	0.03529471680178852	0.00000000000000000	0.00000000000000000	0.37902869558708752	0.00499718382590234	0.00000000000000000	0.00000000000000000	0.04158280253254061	1.09219821971508502
Patient168	0.00000000000000000	0.00000000000000000	0.00000000000000000	0.14969502620887437	0.00000000000000000	0.00000000000000000	0.00000000000000000	0.67398142445429898	0.17632354933682662	0.00000000000000000	0.00000000000000000	0.12390757643358691	1.01932952147893374
Patient169	0.00000000000000000	0.00000000000000000	0.00000000000000000	0.46010179467102841	0.05144774323937810	0.00040964603082652	0.00000000000000000	0.43005189531827515	0.00871838233859736	0.04927053840189464	0.00000000000000000	0.22440364098732060	0.99416158993896830
Patient170	0.00000000000000000	0.00000000000000000	0.00000000000000000	0.15210831789502580	0.01645413828978566	0.00000000000000000	0.00000000000000000	0.54093864619537380	0.04163790179472396	0.24886099582509075	0.00000000000000000	0.07434906637611552	1.03542036888005540
Patient172	0.00000000000000000	0.00000000000000000	0.12674688601571002	0.22747365455592589	0.01750879736683166	0.01186577107260107	0.00000000000000000	0.41832036338588885	0.07063844718364670	0.12744608041939590	0.00000000000000000	0.20056069160403908	0.98579560038976211
Patient173	0.00000000000000000	0.00000000000000000	0.01228742790673691	0.29333150100252364	0.00000000000000000	0.00000000000000000	0.00000000000000000	0.65417086789832690	0.04021020319241250	0.00000000000000000	0.00000000000000000	0.16127019317072505	1.01086274986393265
Patient179	0.00154660148858994	0.01775953318405591	0.00000000000000000	0.02750837942657336	0.78364619353436249	0.00124194770296338	0.00619960753639195	0.12880085619902615	0.02972854165027670	0.00356833927776020	0.00000000000000000	0.05458085757113795	1.08045898577830135
Patient17	0.07636945788222635	0.00000000000000000	0.00000000000000000	0.61934071974211924	0.00267032780039693	0.00000000000000000	0.00000000000000000	0.28981316056356049	0.01180633401169703	0.00000000000000000	0.00000000000000000	0.20030530375160288	1.02483225630929375
Patient181	0.00000000000000000	0.02863558205547502	0.00000000000000000	0.18686142688172022	0.06381347091084495	0.00131298530825158	0.00000000000000000	0.60318226283296172	0.02697886696439025	0.08921540504635628	0.00000000000000000	0.13849436313975538	1.01014780604138399
Patient183	0.00000000000000000	0.03663529870526477	0.12056429968938960	0.34805353732845862	0.13952773929208234	0.00000000000000000	0.00000000000000000	0.30008969781401879	0.00493090275414885	0.05019852441663699	0.00000000000000000	0.04090393494242590	1.04988698583278328
Patient184	0.00000000000000000	0.00000000000000000	0.00000000000000000	0.27926191405560918	0.10085445407069164	0.00000000000000000	0.27990314844269659	0.30896888885554158	0.03101159457546114	0.00000000000000000	0.00000000000000000	0.12395857691775691	1.01435632989247848
Patient185	0.00000000000000000	0.00000000000000000	0.00000000000000000	0.24362723532344838	0.00000000000000000	0.00179243418340281	0.00000000000000000	0.59627336524898644	0.03217661190557332	0.12613035333858902	0.00000000000000000	0.10108574752794919	1.02671045942175998
Patient187	0.00140750534703230	0.00000000000000000	0.00000000000000000	0.29154003716652094	0.00000000000000000	0.00000000000000000	0.00000000000000000	0.65646126976779984	0.05059118771864687	0.00000000000000000	0.00000000000000000	0.21547605189510696	0.99048263342873721
Patient188	0.00014142157450452	0.00000000000000000	0.00000000000000000	0.22575944160959105	0.00000000000000000	0.00000000000000000	0.00000000000000000	0.66017401541880316	0.11392512139710118	0.00000000000000000	0.00000000000000000	0.05795925556169773	1.04480084772891835
Patient18	0.01134361011722770	0.00000000000000000	0.00000000000000000	0.15567730001676569	0.22957589376439977	0.00000000000000000	0.00000000000000000	0.58449295999316064	0.01891023610844622	0.00000000000000000	0.00000000000000000	0.05891803683512477	1.04032161275977120
Patient1	0.01782510417902285	0.00000000000000000	0.00000000000000000	0.30131333008447275	0.38817802256086698	0.00000000000000000	0.00000000000000000	0.21560868196539923	0.07707486121023824	0.00000000000000000	0.00000000000000000	0.01544750932071019	1.07718464528245272
Patient20	0.00000000000000000	0.00157111623463031	0.00000000000000000	0.60129488527094754	0.00346397106238588	0.00000000000000000	0.00000000000000000	0.34365348003241847	0.05001654739961789	0.00000000000000000	0.00000000000000000	0.18512326078570032	1.02851812467939219
Patient21	0.00000000000000000	0.00000000000000000	0.00000000000000000	0.28412367021894852	0.23050853004783323	0.00000000000000000	0.00000000000000000	0.37494787513119238	0.11041992460202585	0.00000000000000000	0.00000000000000000	0.02479941893325888	1.05840772818264806
Patient22	0.00000000000000000	0.00000000000000000	0.00000000000000000	0.11115370745093288	0.13708342040051821	0.00103317868740141	0.00000000000000000	0.55449881885218988	0.19532329400821846	0.00090758060073905	0.00000000000000000	0.03115893236801328	1.04340919719620628
Patient23	0.01449704198729065	0.00000000000000000	0.00000000000000000	0.13827461202932664	0.20675178969185951	0.00005463930917459	0.00000000000000000	0.55193792223649019	0.08848399474585850	0.00000000000000000	0.00000000000000000	0.08216289760089629	1.02904717097493692
Patient24	0.01238412426588418	0.00000000000000000	0.00000000000000000	0.05878898030580303	0.00000000000000000	0.00000000000000000	0.00000000000000000	0.77643656782276194	0.15239032760555093	0.00000000000000000	0.00000000000000000	0.26747349165293205	0.96905430728145781
Patient25	0.00000000000000000	0.00000000000000000	0.00000000000000000	0.33641791779160057	0.00000000000000000	0.00151286905625139	0.00000000000000000	0.54798876035948474	0.10126403490168334	0.01281641789097999	0.00000000000000000	0.09751830179046046	1.03428529325780771
Patient27	0.18767543676901377	0.04002851320378979	0.21241369343949365	0.22654020744831260	0.12293888335401040	0.00000000000000000	0.00000000000000000	0.17061617575986357	0.03978709002551632	0.00000000000000000	0.00000000000000000	0.03813420526949226	1.05529187265764501
Patient30	0.00000000000000000	0.08016931982626122	0.00000000000000000	0.69696813704598448	0.01856344180062523	0.00000000000000000	0.00000000000000000	0.20429910132712917	0.00000000000000000	0.00000000000000000	0.00000000000000000	0.08100903596478595	1.09722570509589090
Patient31	0.00604176192871251	0.00000000000000000	0.00000000000000000	0.42029066202588300	0.18777880581534959	0.00000000000000000	0.00000000000000000	0.34493244873210105	0.04095632149795390	0.00000000000000000	0.00000000000000000	0.08933388797980746	1.05059882096843205
Patient32	0.00127024250904121	0.00000000000000000	0.01475020328853620	0.17220467050320210	0.15059121295898226	0.00000000000000000	0.00000000000000000	0.63407612600323437	0.02710754473700372	0.00000000000000000	0.00000000000000000	0.09075921007212663	1.02978220295682998
Patient33	0.06270162364621992	0.01119520709443807	0.04707140645949112	0.50470847555973652	0.00000000000000000	0.00086471783839402	0.00000000000000000	0.35403097682678858	0.01942759257493169	0.00000000000000000	0.00000000000000000	0.18806353086491201	1.01247796294717607
Patient34	0.00000000000000000	0.00000000000000000	0.00393704440575053	0.01532768837276387	0.00000000000000000	0.00155528180879663	0.90057375432925013	0.06284564825757349	0.01576058282586523	0.00000000000000000	0.00000000000000000	0.67161013513522660	0.75961099127132770
Patient35	0.00000000000000000	0.00000000000000000	0.00000000000000000	0.37060548429940893	0.11806203280185357	0.00000000000000000	0.00000000000000000	0.50054325386107434	0.01078922903766309	0.00000000000000000	0.00000000000000000	0.05394311212522142	1.05660400553345091
Patient36	0.00117356545815273	0.00000000000000000	0.01980127411394536	0.09373375168684821	0.05971963718473144	0.00000000000000000	0.00000000000000000	0.72181562152368528	0.10375615003263697	0.00000000000000000	0.00000000000000000	0.04090906293372287	1.04710621973922291
Patient37	0.03806189987929130	0.00819762039298749	0.10694835027970731	0.20638454832233830	0.02656448012627950	0.00000000000000000	0.00000000000000000	0.53853785825601708	0.07530524274337884	0.00000000000000000	0.00000000000000000	0.17933226700432739	0.99422767737920992
Patient38	0.00547602084629091	0.00970396454386998	0.00000000000000000	0.21902821675827736	0.13534272784841062	0.00000000000000000	0.00000000000000000	0.61666132231034010	0.01378774769281108	0.00000000000000000	0.00000000000000000	0.02705463036467615	1.05382688983703021
Patient40	0.06694105160599334	0.07499515314278866	0.00000000000000000	0.08621683193611918	0.21811259601381872	0.00000000000000000	0.00000000000000000	0.51864263414626277	0.03509173315501737	0.00000000000000000	0.00000000000000000	0.04622648551758369	1.03621856752983943
Patient42	0.00350136406488876	0.02436145356377061	0.00000000000000000	0.43099583283260812	0.05367399702364564	0.00002818086595825	0.00000000000000000	0.37374299628937208	0.11369617535975654	0.00000000000000000	0.00000000000000000	0.03767429515817320	1.06524897621429493
Patient44	0.01091998655823813	0.03269722744647217	0.19231164906062603	0.53011444235925886	0.03477441036666593	0.00000000000000000	0.00000000000000000	0.19210165384415714	0.00708063036458164	0.00000000000000000	0.00000000000000000	0.07012600731816977	1.06411631618625191
Patient45	0.02760692129203699	0.01174078397378043	0.00000000000000000	0.62170512938955136	0.00000000000000000	0.00000000000000000	0.00000000000000000	0.30551365690131943	0.03343350844331181	0.00000000000000000	0.00000000000000000	0.08183706194200656	1.07954973114044050
Patient47	0.00000000000000000	0.00000000000000000	0.00000000000000000	0.03909338397114329	0.12566983220294367	0.00000000000000000	0.00000000000000000	0.80591173649089065	0.02932504733502246	0.00000000000000000	0.00000000000000000	0.07388286761028857	1.04133477567914001
Patient48	0.05502785195299738	0.00000000000000000	0.00000000000000000	0.17237243534315047	0.27480494909169439	0.00000000000000000	0.00078890307695558	0.37120999779565267	0.12579586273954962	0.00000000000000000	0.00000000000000000	0.01038619330902082	1.05367137666382926
Patient4	0.00309680948503077	0.00000000000000000	0.00194491903441694	0.21067979544653115	0.00499767059746379	0.00000000000000000	0.00000000000000000	0.75040157593881474	0.02887922949774252	0.00000000000000000	0.00000000000000000	0.21252364383305045	0.99124706722349465
Patient51	0.01092332918436323	0.01760229561182957	0.00000000000000000	0.34789999479490785	0.01726441587730315	0.00009743552605896	0.00001428924619225	0.50429737658045637	0.03462515455789879	0.06727570862098979	0.00000000000000000	0.19750150992717946	0.99555159767305368
Patient58	0.00000000000000000	0.00000000000000000	0.00029964269466022	0.10914569937092913	0.05722808790174244	0.00222845816982298	0.00000000000000000	0.65729032648715502	0.00000000000000000	0.17380778537569014	0.00000000000000000	0.03201418635562871	1.04853822732322821
Patient61	0.00000000000000000	0.00000000000000000	0.16557069807743280	0.68708888869957763	0.10627864495535785	0.00000000000000000	0.00000000000000000	0.04106176826763160	0.00000000000000000	0.00000000000000000	0.00000000000000000	0.25984182372033826	1.00968744815153610
Patient62	0.00000000000000000	0.00000000000000000	0.00000000000000000	0.47174726046943233	0.00000000000000000	0.00000000000000000	0.01249661507572640	0.48431744048130748	0.03143868397353390	0.00000000000000000	0.00000000000000000	0.16825570513960772	1.01938634928498573
Patient63	0.00377129060375515	0.02927110195718991	0.00000000000000000	0.20914269480864464	0.47021260625717448	0.00000000000000000	0.00000000000000000	0.23048711585843296	0.05711519051480285	0.00000000000000000	0.00000000000000000	0.03381085745349160	1.06514888031881827
Patient67	0.00000000000000000	0.00000000000000000	0.00000000000000000	0.08590669833893481	0.17010712377931789	0.00000000000000000	0.00000000000000000	0.69814637050324713	0.04583980737850032	0.00000000000000000	0.00000000000000000	0.01326303287618920	1.05634136413205559
Patient6	0.00000000000000000	0.00000000000000000	0.01531682520006640	0.18808652259079200	0.06325526530182840	0.00335167479908665	0.00000000000000000	0.41104337114315187	0.08090706925811485	0.23803927170695985	0.00000000000000000	0.04523489247485439	1.04108308676435213
Patient72	0.00000000000000000	0.00000000000000000	0.07518243784330264	0.20062810034739584	0.00474649777683727	0.00000000000000000	0.00000000000000000	0.61074215106981544	0.10870081296264872	0.00000000000000000	0.00000000000000000	0.13201833151878070	1.01292561805033343
Patient73	0.00774876976977168	0.01644494965565752	0.00000000000000000	0.33174530836129634	0.04716217609339041	0.00000000000000000	0.00000000000000000	0.52086249760259229	0.07603629851729171	0.00000000000000000	0.00000000000000000	0.04973096259383754	1.05045016136063873
Patient75	0.02434020352372145	0.07992797073843129	0.00000000000000000	0.65015930428786195	0.05775650304505449	0.00000000000000000	0.00000000000000000	0.17194173909249816	0.01587427931243262	0.00000000000000000	0.00000000000000000	0.13328449160190955	1.06354150747946385
Patient77	0.00439896148268884	0.01887741927815675	0.00000000000000000	0.63823257638642394	0.03443119500922674	0.00000000000000000	0.00000000000000000	0.30018387130600654	0.00387597653749727	0.00000000000000000	0.00000000000000000	0.25916217732668440	0.99809946739564004
Patient78	0.00000000000000000	0.00000000000000000	0.00000000000000000	0.32422790069658647	0.00000000000000000	0.00000000000000000	0.00000000000000000	0.64570087370643114	0.03007122559698241	0.00000000000000000	0.00000000000000000	0.29383790315067648	0.96061785132621935
Patient79	0.00000000000000000	0.00000000000000000	0.00000000000000000	0.47874942554606026	0.00000000000000000	0.00000000000000000	0.00000000000000000	0.47178867488704657	0.04946189956689336	0.00000000000000000	0.00000000000000000	0.24835022406291338	0.98593733102237979
Patient7	0.01352189705885456	0.00000000000000000	0.00000000000000000	0.57109040855480320	0.05268828392418158	0.00000000000000000	0.00000000000000000	0.24531424878222477	0.11738516167993578	0.00000000000000000	0.00000000000000000	0.03403836802005629	1.09362084520342728
Patient82	0.02509678202817502	0.00000000000000000	0.00000000000000000	0.06841664254503434	0.13251422009614311	0.00000000000000000	0.00000000000000000	0.70001267831859793	0.07395967701204956	0.00000000000000000	0.00000000000000000	0.18261269771895283	0.99706810616553643
Patient83	0.00000000000000000	0.00000000000000000	0.02277520721108934	0.12755972232382093	0.04475909693150656	0.00000000000000000	0.00000000000000000	0.72925467544924372	0.07565129808433950	0.00000000000000000	0.00000000000000000	0.19343415322337557	0.99489685806781458
Patient86	0.05358558620529559	0.06663512987949517	0.10313238425848442	0.30903416303151870	0.05629714350152560	0.00000000000000000	0.00000000000000000	0.38197212444436435	0.02934346867931623	0.00000000000000000	0.00000000000000000	0.18109724634548074	0.99637745179933601
Patient87	0.06180382390092330	0.00000000000000000	0.36221631788131631	0.44557714256367276	0.00000000000000000	0.00000000000000000	0.00000000000000000	0.11457595202263153	0.01582676363145607	0.00000000000000000	0.00000000000000000	0.02759968593193753	1.06492265080936166
Patient8	0.00347879381856063	0.00000000000000000	0.06654176918881502	0.13352405383872035	0.05040477558193762	0.00000000000000000	0.00000000000000000	0.65666636592304184	0.08938424164892438	0.00000000000000000	0.00000000000000000	0.21980548436768979	0.98255940195830493
Patient94	0.00000000000000000	0.03985470084445290	0.00000000000000000	0.39933866776984195	0.07067139427205617	0.00000000000000000	0.02211211957754216	0.35392166150339016	0.04265686210991742	0.07144459392279914	0.00000000000000000	0.15130463007496586	1.01507836275090191
Patient96	0.00000000000000000	0.00000000000000000	0.00000000000000000	0.29380582112510140	0.02017071047365277	0.00000000000000000	0.00000000000000000	0.64862297439671790	0.03740049400452777	0.00000000000000000	0.00000000000000000	0.00126701541138050	1.06991024970680138
Patient98	0.01178412232000369	0.01080457685308060	0.03323187261103901	0.42920627528116467	0.07884872778856181	0.00000000000000000	0.00000000000000000	0.37812628986846564	0.05799813527768458	0.00000000000000000	0.00000000000000000	0.15704230336595271	1.01853659485135650
Patient99	0.08632788121636842	0.00000000000000000	0.00000000000000000	0.57925952331019481	0.06977942485786387	0.00000000000000000	0.00000000000000000	0.24455163354594217	0.02008153706963095	0.00000000000000000	0.00000000000000000	0.26525280472667029	0.99027473147667844
Patient9	0.00189731323110997	0.00000000000000000	0.00000000000000000	0.10386138513666977	0.07578868970458537	0.00752508909511716	0.00000000000000000	0.73392760456341866	0.07699991826909908	0.00000000000000000	0.00000000000000000	0.08050058021246559	1.03509000206036750
Patient56	0.00000000000000000	0.00000000000000000	0.03005651629670664	0.17511726874587363	0.00564807181682384	0.01200600913203046	0.00000000000000000	0.30973868653771380	0.04617889217151109	0.42125455529934058	0.00000000000000000	0.18998287961112681	1.00547677210093322
Patient191	0.00481164057108486	0.01537930203893518	0.00000000000000000	0.65341280299347104	0.10851699900873413	0.00023817155367335	0.00000000000000000	0.16179151325094607	0.05579111878330989	0.00005845179984546	0.00000000000000000	0.09135093822617782	1.08988967467463627
Patient189	0.00000000000000000	0.00000000000000000	0.01098854897906336	0.04931732537221099	0.00000000000000000	0.00717122048621778	0.00000000000000000	0.16855968833366539	0.01908538793846990	0.74487782889037257	0.00000000000000000	0.28495391108743012	1.01149351481317207
Patient200	0.00000000000000000	0.04747127840511946	0.00000000000000000	0.50247681670565814	0.00000000000000000	0.00000000000000000	0.00000000000000000	0.39243507460867438	0.05761683028054815	0.00000000000000000	0.00000000000000000	0.16869326940627574	1.02074043336429421
Patient201	0.00000000000000000	0.00000000000000000	0.00000000000000000	0.00897901298558779	0.00000000000000000	0.00000000000000000	0.00000000000000000	0.79436088773787739	0.19666009927653480	0.00000000000000000	0.00000000000000000	0.34493723404210164	0.93917478499592322
Patient203	0.00712623784735454	0.00000000000000000	0.00000000000000000	0.16056614719365309	0.00000000000000000	0.00044829001556052	0.00000000000000000	0.49381909374404276	0.03772895071387256	0.30031128048551664	0.00000000000000000	0.14412008239561994	1.01403497138795440
Patient193	0.00000000000000000	0.02548704134199160	0.00000000000000000	0.36325291162843248	0.00926720228328692	0.00000000000000000	0.00000000000000000	0.36791864070356273	0.02893324430756148	0.20514095973516472	0.00000000000000000	0.09389598838902771	1.03555108998354495
Patient195	0.06914586587106207	0.00000000000000000	0.11983747761239491	0.12844917507728590	0.04844503531668722	0.00000000000000000	0.00000000000000000	0.55734171316103365	0.07678073296153619	0.00000000000000000	0.00000000000000000	0.12945993408294956	1.00868656623238762
Patient196	0.00907380608188122	0.00000000000000000	0.00000000000000000	0.15447789623922273	0.26464369791953946	0.00000000000000000	0.00000000000000000	0.46396605803916963	0.10783854172018704	0.00000000000000000	0.00000000000000000	0.03703014543703857	1.04447700393554310
Patient197	0.00000000000000000	0.00000000000000000	0.00000000000000000	0.06979066122977680	0.34612947063405014	0.00000000000000000	0.00000000000000000	0.46033083980047990	0.12374902833569332	0.00000000000000000	0.00000000000000000	0.12000419064546593	1.01630817469218915
Patient204	0.00000000000000000	0.00000000000000000	0.00000000000000000	0.21905660886242992	0.13864758835827340	0.00000000000000000	0.00000000000000000	0.35123580248970515	0.01443372075691497	0.27662627953267666	0.00000000000000000	0.04489474724939741	1.04847536170331757
Patient205	0.00000000000000000	0.00463615272893531	0.00000000000000000	0.46319479357990889	0.00319824738592126	0.00000000000000000	0.00000000000000000	0.50612496532935092	0.02284584097588365	0.00000000000000000	0.00000000000000000	0.17180460166506600	1.01776005993050656
Patient206	0.00042808874271986	0.01393304621497938	0.00000000000000000	0.13758845996865207	0.00891998187765137	0.00000000000000000	0.05350880154008379	0.70853863096313885	0.07708299069277481	0.00000000000000000	0.00000000000000000	0.23833175656485739	0.97763806805432629
