Samples	CBSX_BPRNACanProMet_B	CBSX_BPRNACanProMet_cancer	CBSX_BPRNACanProMet_CD4	CBSX_BPRNACanProMet_CD8	CBSX_BPRNACanProMet_M0	CBSX_BPRNACanProMet_M1	CBSX_BPRNACanProMet_M2	CBSX_BPRNACanProMet_Mono	CBSX_BPRNACanProMet_Neu	CBSX_BPRNACanProMet_NK
5085	0.04351476227928733	0.2706815130654927	0.04312837838371496	0.00260925816745011	0	0.00158009099730183	0	0.2287697443024297	0.4036391019947828	0.00607715080954054
5087	0.11633151206506552	0.43664293272696886	0.06159532043409494	0.00548146272314579	0	0.0221115288479868	0	0.15981728913687096	0.1922427880248997	0.00577716604096744
5088	0.0554883535582518	0.3919442210217321	0.08625254307366338	0.00502103918631713	0	0.01337601678162409	0	0.17824967350801835	0.26257148048669066	0.00709667238370252
5091	0.05974264238578078	0.5045547843894224	0.02700899229405604	0.0131106363020246	0	0.02958337788058363	0	0.12513803147935462	0.2368589389662042	0.00400259630257388
5092	0.07431707965169614	0.3725050965313036	0.02113445201431458	0	0	0.02433898187211966	0	0.2592992920441234	0.24771432097803409	6.9077690840853e-4
5093	0.01089362102750081	0.2247551839148779	0.05785102292131475	0.01208553353813044	0	5.6871686520913e-4	0	0.27786607795960827	0.4133992420503104	0.00258060172304832
5094	0.0833365444693412	0.3167974230167953	0.04520842471736081	0.00813076216189344	0	0.02077870049804172	0	0.1533880106423544	0.3521957616746392	0.02016437281957385
5095	0.09812598956014593	0.30315077110167027	0.1046685866898692	0.02197817338908588	0	0.02147379379724137	0	0.16961383729151455	0.27105745265027653	0.00993139552019608
5097	0.06731044604135629	0.296929666131854	0.10919774989309564	0.03879617074826334	0	0.04271200953451009	0	0.10766721128393744	0.33738674636698324	0
5098	0.01503152332138248	0.07696606453559407	0.02370300013530893	1.1701682252034e-4	0	4.4850548709637e-4	0	0.08940008733532419	0.7935266623323656	8.0714003040807e-4
5103	0.07109772991129994	0.3326812461489842	0.01814705103025622	0.03180216055477562	0	0	0	0.2484856056075522	0.29340378750441526	0.00438241924271654
5104	0.03886426009575583	0.2133459484829437	0.08262551518367821	0.00925858796238523	0	0.020570880953094232	0	0.15196599331808244	0.4738775842520276	0.00949122975203267
5105	0.03418601924696234	0.35890626123441544	0.04601214460333553	0	0	0.01358910161797927	0	0.20130601618177937	0.3442979961082391	0.00170246100728882
5108	0.05847170231465066	0.32869161553308196	0.03072406975506988	0	0	0.01648857843271149	0	0.24727134848261367	0.315211591822014	0.0031410936598584
5115	0.01230000087313747	0.11397048987001478	0.06617824611707816	0	0	0.00608560880714194	0	0.12211430210772065	0.6682861660506042	0.0110651861743027
5117	0.101597463505488	0.4259335369418543	0.01500090326616545	0.00477729570744	0	0.02198860732148576	0	0.1873721367270092	0.24021139032316033	0.00311866620739687
5120	0.06626653037398808	0.12984077639390693	0.16724224573125604	0	0	0.00962258170978399	0	0.13764584901052582	0.47641657183074576	0.01296544494979344
5122	0.01127073542436886	0.18118183066176177	0.16150562865696835	0	0	0.00748204687065612	0	0.08376227162086052	0.5522339399724093	0.0025635467929751702
5124	0.07938696873524458	0.42065376792555453	0.03763990564831925	0	0	0.02588940884342139	0	0.25439465711920284	0.1799051961237857	0.00213009560447171
5133	0.02505168011144306	0.1415059182614113	0.1692844843430147	0.0177065314946975	0	0.01019823274847269	0	0.06000495676435041	0.5606189372465907	0.01562925903001966
5137	0.0361930005447605	0.2749430310148875	0.04265012451282681	0.00692134782826636	0	0	0	0.22277385766588287	0.4076287831782616	0.00888985525511455
5138	0.1179819487853946	0.44846795612697704	0.09635326039744543	0.01081672669924615	0	0.00366943452081059	0	0.12031744363717035	0.19867781540722687	0.00371541442572895
5140	0.11943919370368744	0.36639721915721135	0.05917518896065077	0.01738045635270381	0	0.00874946112090494	0	0.14306273837104694	0.2833560886579135	0.00243965367588133
5143	0.05705204755587505	0.5265888161816616	0	0.00220941170070403	0	0.02846300421941302	0	0.20494454130396111	0.17841087407860992	0.00233130495977527
5149	0.08473408456224389	0.3189274305127195	0.03034480498938881	0	0	0.00383816805382672	0	0.20786472562703348	0.349450928193745	0.00483985806104257
5152	0.07981693087057208	0.36613043733319856	0.02557733614247534	0	0	0.02288818112610045	0	0.31417365313859646	0.19135480971281313	5.865167624398e-5
5153	0.08258916063616613	0.3804961107405712	0.02880513665312727	2.039249551088e-4	0	0.03168312613710285	0	0.3185961503069943	0.15749989923908744	1.2649133184197e-4
5154	0.0652220443172378	0.30341999320921853	0.09336320935361957	0	0	0.00150421319577749	0	0.1174297226724431	0.40976611298925186	0.00929470426245169
5155	0.0684217648947726	0.27119296744680227	0.06480032799471257	0.02867552656045407	0	0.00333298993854209	0	0.11250369528306736	0.44267166395983265	0.0084010639218164
5158	0.05920610556598235	0.38506950121842987	0.0890962303896414	0	0	0.01068511298679593	0	0.20668282328162196	0.23418048727014312	0.0150797392873854
5171	0.06289668910057801	0.1550121591435502	0.1793474679616921	0	0	0.00774772893439876	0	0.21191548211322803	0.3625839319281758	0.02049654081837731
5172	0.14948549650894905	0.2977010014299459	0.00187796607851323	0	0	0.05065838237107858	0	0.2707129971520096	0.2267307943606431	0.00283336209886042
5175	0.06298631013285531	0.31051207711097767	0.02834437562981464	0.00782807350774506	0	0	0	0.18248468692126227	0.40181353532010133	0.00603094137724373
5179	0.06174447758234808	0.3316962639877182	0.05361416645083967	0	0	0.01596661927031054	0	0.1375595349226026	0.39713944567517306	0.00227949211100803
5180	0.09673244405334396	0.4843942220986376	0.03217207313053709	0	0	0.0344945351806884	0	0.09861559797863974	0.2520603668744992	0.0015307606836541
5182	0.07963528128715086	0.3566887194608226	0.04985030986890126	0	0	0.05138119825690668	0	0.2859575715858069	0.17248118452051028	0.00400573501990129
5187	0.04717874214274184	0.3583919341633999	0.0510599672147703	0.01468786948847749	0	0.00367505524751427	0	0.21689629630082816	0.29901302257046225	0.00909711287180594
5188	0.08346296956669748	0.572911918992162	0.04171258695608957	0	0	0.02428566764066229	0	0.1277025465117188	0.14549052760013387	0.00443378273253598
5190	0.06721440449687367	0.276596576714849	0.06922788095351996	7.51766307849e-5	0	0.00792735727685134	0	0.1303907071830271	0.4440215260655888	0.00454637067850532
5191	0.04824435110050333	0.37692361835463906	0.02192037890437517	0.00251956508591988	0	0.00981182409386972	0	0.24100711259393665	0.29606081559993047	0.00351233426682579
5192	0.01897670480433214	0.2966349198538133	0.01128196195579883	0.00860384912686266	0	0.01044792939278922	0	0.17151975482799442	0.4808418606782903	0.00169301936011922
5194	0.11481052945200744	0.377465076448691	0.024260138983836	0	0	0.01407750217298749	0	0.24945781675386908	0.21590294185874173	0.00402599432986738
5209	0.02754888229331313	0.05646711996105546	0.08000517171780333	0.00852293508939916	0	0.00546487139353385	0	0	0.8079996730356357	0.0139913465092594
5210	0.03972488728469616	0.2654869116707592	0.1090581898444966	0.0234887774327597	0	0	0	0.23292153669486013	0.3085612679135168	0.02075842915891136
5217	0.11980058160152796	0.4241263766830915	0.05521110666395217	0	0	0.01421411542269826	0	0.175057223549777	0.20816660669154632	0.00342398938740678
5220	0.07641385626254492	0.1661931378567492	0.02199451754486515	0	0	0.03704625944403173	0	0.23258404603321717	0.4636132220080912	0.00215496085050065
5222	0.03859802099409976	0.37653691411381807	0.02945490495021377	0	3.5427782716511e-4	0	0	0.265398684532557	0.28504338902149073	0.00461380856065573
5224	0.06770789704337524	0.2519945340123192	0.12145915161256834	0	0	0	0	0.19961232857670028	0.3489428776935783	0.01028321106145867
5225	0.07883228090341454	0.3988761795746345	0.03245669883432355	0.00644902404717702	0	0.01253088733437535	0	0.268898574863939	0.19859578753551504	0.00336056690662117
5226	0.097349788819661	0.33300219793977337	0.10403031702479258	0.01240726053282514	0	0.00310954015964001	0	0.1986685096235144	0.2270995797551642	0.02433280614462927
5233	0.04243341552253637	0.23946893036348615	0.01263570296160907	0	0	0	0	0.23689325907781353	0.4538452878379554	0.01472340423659948
5250	0.1541804456983463	0.18241877151017577	0.16028242639872425	0.0146144795861371	0	0.00565295349189249	0	0.14771829930081667	0.3054884472398211	0.0296441767740866
5251	0.07851302039119996	0.5239636140687589	0.01356508188099337	0.01233489063353457	0	0.02943513408782059	0	0.18798146452287232	0.15349225797992383	7.1453643489634e-4
5252	0.07303282479657432	0.4600465641134323	0.00430964165043236	0.00427391335843518	0	0.02538632245553143	0	0.22605682801203852	0.20666548417588	2.2842143767584e-4
5260	0.08488772443786355	0.26367870212246075	0.04630724050974978	0.03672899473098223	0	0	0	0.1939383651845192	0.3673803824968986	0.0070785905175259
5262	0.08675692398125287	0.40860345182238705	0.160173214773304	0	0	0.08977854670061053	0	0.04794560026505742	0.18797780354138827	0.01876445891599964
5267	0.10823883694984555	0.357947673025424	0.0258195203158747	0.00424875530932821	0	0.014324049315864529	0	0.1939391957479873	0.29027258699165664	0.00520938234401902
5271	0.01206805571573469	0.15146082884377907	0.06322151838948682	0	0	0.00216943312413637	0	0.218195314764188	0.5442729490354142	0.00861190012726082
5275	0.03555773887460138	0.2182503955370028	0.02780104531576027	0	0	0.00553340135245471	0	0.3182278629121494	0.38978088189177645	0.00484867411625499
