Mixture	B cells naive	B cells memory	Plasma cells	T cells CD8	T cells CD4 naive	T cells CD4 memory resting	T cells CD4 memory activated	T cells follicular helper	T cells regulatory (Tregs)	T cells gamma delta	NK cells resting	NK cells activated	Monocytes	Macrophages M0	Macrophages M1	Macrophages M2	Dendritic cells resting	Dendritic cells activated	Mast cells resting	Mast cells activated	Eosinophils	Neutrophils	P-value	Correlation	RMSE
IMMU-BC2-0118-FIXT-01	0.03321185427973116	0.00000000000000000	0.00230109209031635	0.22187204251986037	0.00000000000000000	0.19442129549210241	0.00000000000000000	0.00151700976324639	0.15597097624584572	0.07808286735870831	0.00000000000000000	0.00000000000000000	0.07577867055880684	0.11597710215471145	0.00000000000000000	0.00000000000000000	0.00000000000000000	0.00000000000000000	0.00000000000000000	0.02174352215987296	0.09912356737679789	0.00000000000000000	0.00000000000000000	-0.00236424474962062	1.11685866159705016
IMMU-BC2-0118-FIXT-02	0.00000000000000000	0.00000000000000000	0.00400171966517787	0.01166446319805560	0.00000000000000000	0.40821807960967443	0.00000000000000000	0.00000000000000000	0.08433086798833354	0.00000000000000000	0.02436080645466383	0.00000000000000000	0.04508856537245782	0.25131462330810783	0.00000000000000000	0.10331511146212290	0.00000000000000000	0.00000000000000000	0.00000000000000000	0.04016396368444160	0.02203843754282976	0.00550336171413471	0.00000000000000000	0.02872079244595521	1.09934175426659042
IMMU-BC2-0132-FIXT-01	0.01621614236189784	0.00000000000000000	0.00000000000000000	0.25601172205768991	0.00000000000000000	0.19216964286909610	0.00000000000000000	0.00000000000000000	0.27270915951263613	0.00000000000000000	0.03422309508677659	0.00000000000000000	0.02419999592545157	0.17108971908221901	0.03288424479706689	0.00049627830716593	0.00000000000000000	0.00000000000000000	0.00000000000000000	0.00000000000000000	0.00000000000000000	0.00000000000000000	0.00000000000000000	0.01041730672372354	1.13249468519539009
IMMU-BC2-0140-FIXT-01	0.00000000000000000	0.14133142398149401	0.00000000000000000	0.18554575448852570	0.00000000000000000	0.32491813390367347	0.00000000000000000	0.00000000000000000	0.17368992431178903	0.00000000000000000	0.01379088184847976	0.00725014864348793	0.04340672706346006	0.02916568403677202	0.00000000000000000	0.02261045977215196	0.00000000000000000	0.00000000000000000	0.00000000000000000	0.00401984582758042	0.03731847522368333	0.01695254089890215	0.00000000000000000	0.05612108780602902	1.10130110692913052
IMMU-BC2-0140-FIXT-03	0.03778680269486914	0.00000000000000000	0.00000000000000000	0.01534462213555485	0.00000000000000000	0.43910207510434585	0.05540685170631458	0.00000000000000000	0.05013449672573127	0.00000000000000000	0.09252056257131545	0.00000000000000000	0.05341898563752934	0.00000000000000000	0.00000000000000000	0.16509743335323118	0.00000000000000000	0.08267736583771887	0.00000000000000000	0.00013286490237179	0.00837793933101764	0.00000000000000000	0.00000000000000000	0.00154285592593533	1.10119977009701753
IMMU-BC2-0145-FIXT-01	0.06930486878429884	0.00000000000000000	0.06095723013582546	0.05151595642499805	0.00000000000000000	0.27775199204004530	0.00000000000000000	0.00000000000000000	0.16723691393544410	0.00000000000000000	0.04572937451704095	0.00000000000000000	0.02424124003891493	0.20401147082037854	0.01103100355789650	0.00000000000000000	0.00000000000000000	0.02406107796220790	0.00000000000000000	0.03830377747753429	0.02585509430541514	0.00000000000000000	0.00000000000000000	0.05741062236729226	1.07049897530935145
IMMU-BC2-0151-FIXT-01	0.00000000000000000	0.12774708416059594	0.00000000000000000	0.15885171105211265	0.00000000000000000	0.10476091053511426	0.00000000000000000	0.00000000000000000	0.34516452141243353	0.00000000000000000	0.00894502313771261	0.00000000000000000	0.00927929990581273	0.11383617230790090	0.00000000000000000	0.00000000000000000	0.00000000000000000	0.00299563709567857	0.12836844608650633	0.00000000000000000	0.00000000000000000	0.00005119430613261	0.00000000000000000	0.01834743339972312	1.10095763205637875
IMMU-BC2-0159-FIXT-02	0.02928077703315366	0.10977643052142526	0.00000000000000000	0.02402697227278050	0.18339833281810239	0.00000000000000000	0.36404462176925773	0.00000000000000000	0.05013077683082390	0.00000000000000000	0.00000000000000000	0.00497862609443916	0.01707626711517337	0.07638879633231468	0.00000000000000000	0.01977352537551998	0.00000000000000000	0.00000000000000000	0.04460638276259920	0.00000000000000000	0.07651849107441026	0.00000000000000000	0.00000000000000000	0.05972560018677497	1.05905680197745999
IMMU-BC2-0163-FIXT-01	0.00000000000000000	0.00557586320513802	0.00154046647745741	0.00000000000000000	0.00000000000000000	0.47364625535682103	0.00000000000000000	0.00000000000000000	0.24521915811987088	0.00000000000000000	0.07176956816002704	0.00000000000000000	0.01258815079738579	0.04090258380340668	0.00000000000000000	0.01625061360275062	0.00000000000000000	0.00000000000000000	0.00000000000000000	0.12136783677050514	0.01113950370663754	0.00000000000000000	0.00000000000000000	-0.00835701341630868	1.14235696828674893
IMMU-BC2-0166-FIXT-01	0.00000000000000000	0.00966795721225044	0.00000000000000000	0.08183260201414218	0.00000000000000000	0.36958445390503541	0.00000000000000000	0.00000000000000000	0.23014449436558804	0.00000000000000000	0.00000000000000000	0.11446677734936324	0.04173136931991318	0.06006940066130188	0.00000000000000000	0.03774951829159027	0.00000000000000000	0.00000000000000000	0.00000000000000000	0.00411623108966800	0.05063719579114737	0.00000000000000000	0.00000000000000000	0.02608793160182479	1.12935256805293349
IMMU-BC2-0167-FIXT-01	0.00000000000000000	0.00625557758895252	0.00063394631318237	0.06476259545335938	0.00000000000000000	0.30144944958397202	0.00000000000000000	0.00000000000000000	0.23417807382774311	0.00000000000000000	0.02918987898618852	0.00000000000000000	0.01946139528904794	0.24766139282582161	0.00000000000000000	0.00000000000000000	0.00000000000000000	0.00006282955444472	0.00000000000000000	0.05431604355486271	0.04202881702242500	0.00000000000000000	0.00000000000000000	-0.00345383806107757	1.11937588960130618
IMMU-BC2-0172-FIXT-01	0.00000000000000000	0.10033712567444407	0.00000000000000000	0.00000000000000000	0.00000000000000000	0.46234178776982837	0.00000000000000000	0.00000000000000000	0.18793499721747464	0.00000000000000000	0.02365333161445152	0.00000000000000000	0.00999625740595403	0.08012807390295715	0.00536953732713642	0.06023174359220686	0.00215911338953893	0.00000000000000000	0.00000000000000000	0.02480218224077419	0.04304584986523367	0.00000000000000000	0.00000000000000000	0.06864254431395111	1.08408846351429911
IMMU-BC2-0197-FIXT-02	0.00000000000000000	0.01179454794055608	0.00090960503374402	0.13254649548828387	0.00000000000000000	0.50030800587865165	0.00000000000000000	0.00000000000000000	0.00228553130115656	0.00000000000000000	0.01499364621543204	0.02951088739238147	0.00756239288820917	0.13234637303444699	0.00000000000000000	0.00000000000000000	0.00000000000000000	0.01049088790251158	0.12882291185105857	0.00000000000000000	0.02302640303554604	0.00540231203802177	0.00000000000000000	0.01689942357927968	1.11845452101676979
IMMU-BC2-0202-FIXT-01	0.00000000000000000	0.10433286966468472	0.00000000000000000	0.00000000000000000	0.00000000000000000	0.43326420579508984	0.00000000000000000	0.00000000000000000	0.16134890553987780	0.00000000000000000	0.04849850349254083	0.00000000000000000	0.02393887946341256	0.06869602248682062	0.00429660718697439	0.01353643219314284	0.00000000000000000	0.00000000000000000	0.00000000000000000	0.10524229429630709	0.03684527988114945	0.00000000000000000	0.00000000000000000	0.05557976727372498	1.08589179223555510
IMMU-BC2-0210-FIXT-01	0.00000000000000000	0.04536841070597860	0.10251719778916236	0.00000000000000000	0.00000000000000000	0.41650178745992039	0.00000000000000000	0.00000000000000000	0.14803018618548411	0.00000000000000000	0.00093913150491324	0.00317310179888395	0.05046454672251335	0.12027803804671428	0.02553054271970047	0.00989370423528047	0.00000000000000000	0.00000000000000000	0.00000000000000000	0.03711441841907461	0.04018893441237413	0.00000000000000000	0.00000000000000000	0.01012905375353885	1.08930332340906477
IMMU-BC2-0211-FIXT-01	0.00000000000000000	0.10097724109715098	0.00000000000000000	0.00000000000000000	0.00000000000000000	0.50384346416389958	0.00000000000000000	0.00000000000000000	0.15858643609465137	0.00000000000000000	0.06197982546811549	0.00000000000000000	0.02020054509615972	0.03833368595272257	0.00719506711341086	0.06424727232252564	0.00298448861772129	0.00016218765563514	0.00000000000000000	0.00000000000000000	0.04148978641800732	0.00000000000000000	0.00000000000000000	0.03479322417640705	1.10728498665956820
IMMU-BC2-0215-FIXT-01	0.00410856708535982	0.04157729414779224	0.01933827912295060	0.02228625887743173	0.00000000000000000	0.43354153720174005	0.00163290321444502	0.00000000000000000	0.21902547853200729	0.00000000000000000	0.03635408833031281	0.00252526834754885	0.02270268149952757	0.13207345549204208	0.01409507436492741	0.04172495991727909	0.00000000000000000	0.00000000000000000	0.00000000000000000	0.00778303458424730	0.00123111928238803	0.00000000000000000	0.00000000000000000	0.03845110503354539	1.10322597679083434
IMMU-BC2-0217-FIXT-02	0.01259955038095013	0.00000000000000000	0.00269650854100581	0.10983341547030857	0.00000000000000000	0.45160898116339504	0.00000000000000000	0.00000000000000000	0.03977516156415140	0.00000000000000000	0.04826105511325108	0.00000000000000000	0.02577710096749252	0.23199270286643542	0.01065442412295296	0.02458873401044192	0.00000000000000000	0.00000000000000000	0.00000000000000000	0.04221236579961515	0.00000000000000000	0.00000000000000000	0.00000000000000000	0.03956219360211270	1.10802165593721003
IMMU-BC2-0218-FIXT-01	0.10250918706061751	0.00000000000000000	0.01931136577669531	0.12645252010092614	0.00000000000000000	0.14925100395164040	0.00000000000000000	0.00000000000000000	0.17938477403294925	0.00000000000000000	0.00000000000000000	0.06043003738663315	0.00495885020202489	0.29891376491068294	0.00000000000000000	0.00000000000000000	0.00000000000000000	0.00447461125530997	0.05431388532252031	0.00000000000000000	0.00000000000000000	0.00000000000000000	0.00000000000000000	0.05071972441569470	1.08660605238500008
IMMU-BC2-0218-FIXT-02	0.00000000000000000	0.00644350833673873	0.00000000000000000	0.05964216308778859	0.00000000000000000	0.34270568353051872	0.00000000000000000	0.00000000000000000	0.17812765399482991	0.00000000000000000	0.00000000000000000	0.00000000000000000	0.00000000000000000	0.34755320672534140	0.00000000000000000	0.00395756804556804	0.00000000000000000	0.00000000000000000	0.00000000000000000	0.06100702319328368	0.00056319308593087	0.00000000000000000	0.00000000000000000	0.04297141743952033	1.11325806839523245
IMMU-BC2-0223-FIXT-01	0.00000000000000000	0.00000000000000000	0.01182657226481964	0.00135042326844809	0.00000000000000000	0.41322504156239259	0.00000000000000000	0.00000000000000000	0.22142375291398247	0.00000000000000000	0.02922975431490967	0.00000000000000000	0.04166224738762675	0.09595435003948123	0.02522791557276185	0.08636908339637119	0.01666103452337755	0.00000000000000000	0.00000000000000000	0.02768579619371579	0.02938402856211318	0.00000000000000000	0.00000000000000000	0.01195603869069142	1.10244817338466383
IMMU-BC2-0223-FIXT-02	0.00530583650262195	0.00000000000000000	0.01243731488383398	0.12779490897481394	0.00000000000000000	0.38356529138501050	0.00000000000000000	0.03664122022466818	0.10458041418136306	0.00000000000000000	0.01064329615451798	0.01069009852513664	0.02213980280206457	0.18004181889324292	0.00124280155806040	0.04680086261461735	0.00000000000000000	0.00000000000000000	0.00000000000000000	0.05507283358951596	0.00000000000000000	0.00304349971053266	0.00000000000000000	0.02089964121851770	1.11215297017038184
IMMU-BC2-0225-FIXT-01	0.00000000000000000	0.00000000000000000	0.00000000000000000	0.11333263043662664	0.00000000000000000	0.40124049323614741	0.00000000000000000	0.00000000000000000	0.14883473462058855	0.00000000000000000	0.03388617952076262	0.01231025387014913	0.02672584018860378	0.01734838587617835	0.12398154266175189	0.10185280082995789	0.00000000000000000	0.00000000000000000	0.00898542402440033	0.00000000000000000	0.00989738917174667	0.00160432556308674	0.00000000000000000	0.00412609056024773	1.12902445690570863
IMMU-BC2-0228-FIXT-01	0.00000000000000000	0.15690685348957842	0.00000000000000000	0.00000000000000000	0.00000000000000000	0.25514012946676246	0.00000000000000000	0.00985263287649034	0.30741973987677701	0.00000000000000000	0.00000000000000000	0.01665461037639490	0.03606801428198292	0.13405285529605129	0.00151662816930605	0.00000000000000000	0.00000000000000000	0.00000000000000000	0.06653993124694611	0.00000000000000000	0.01584860491971057	0.00000000000000000	0.00000000000000000	0.04135762325346344	1.08560689229483232
IMMU-BC2-0229-FIXT-01	0.00000000000000000	0.17281856816856891	0.00000000000000000	0.00000000000000000	0.00000000000000000	0.43299201999845005	0.00000000000000000	0.05813041584177785	0.03392219775279269	0.00709798904082222	0.04576766644079309	0.00000000000000000	0.00980663302722053	0.14079428871472813	0.01196604448244867	0.02123423570992439	0.00432344325104779	0.00000000000000000	0.03803060838618873	0.00000000000000000	0.02311588918523700	0.00000000000000000	0.00000000000000000	0.01818579846342683	1.09432659027142609
IMMU-BC2-0232-FIXT-01	0.00000000000000000	0.07171079551794765	0.00000000000000000	0.07267814524477165	0.00000000000000000	0.38083004496641981	0.00000000000000000	0.00000000000000000	0.20692126070198602	0.00000000000000000	0.00000000000000000	0.03049701394273954	0.05311934476050084	0.11606478718220072	0.00989576277580016	0.01777644202073974	0.00000000000000000	0.00000000000000000	0.00000000000000000	0.00000000000000000	0.03318475599994499	0.00732164688694887	0.00000000000000000	0.07324055769402182	1.08523937567141560
IMMU-BC2-0245-FIXT-01	0.00000000000000000	0.07979358570751421	0.00283232050468012	0.00000000000000000	0.00000000000000000	0.59640792785111463	0.00000000000000000	0.01708009129936465	0.05257096780955770	0.00000000000000000	0.08392443283042916	0.00000000000000000	0.02722806454179046	0.06626907247646172	0.00000000000000000	0.00000000000000000	0.00000000000000000	0.00648648044688755	0.00000000000000000	0.06315610980036701	0.00425094673183289	0.00000000000000000	0.00000000000000000	0.02458553475179838	1.12175111624372659
IMMU-BC2-0252-FIXT-01	0.00000000000000000	0.10956517584233455	0.00000000000000000	0.21823234211186449	0.00000000000000000	0.12263753753576956	0.00000000000000000	0.00000000000000000	0.31492529613570769	0.00000000000000000	0.00000000000000000	0.02955415998210138	0.05546271237079121	0.05530765164066910	0.00000000000000000	0.02162489114995727	0.00000000000000000	0.00895102463129220	0.00000000000000000	0.05476803557501812	0.00897117302449459	0.00000000000000000	0.00000000000000000	0.07011669201156059	1.08840795412379077
IMMU-BC2-0254-FIXT-01	0.00000000000000000	0.00308669002899212	0.00372202148802464	0.12557035343316689	0.00000000000000000	0.36633874310365416	0.00000000000000000	0.00000000000000000	0.23542598629215358	0.00000000000000000	0.04346352679045050	0.00000000000000000	0.01303975196443458	0.08801591159681471	0.03536490587391317	0.01093023948155311	0.04025533201541481	0.00000000000000000	0.00000000000000000	0.03478653793142795	0.00000000000000000	0.00000000000000000	0.00000000000000000	0.07873524164031229	1.09314820952112446
IMMU-BC2-0260-FIXT-01	0.06640252132317619	0.00000000000000000	0.00000000000000000	0.19784296624551703	0.00000000000000000	0.43545555455130480	0.00000000000000000	0.00000000000000000	0.10036335508877586	0.00000000000000000	0.00000000000000000	0.03554890568766299	0.03917367378374092	0.03077490525256414	0.01175160204663585	0.00000000000000000	0.00000000000000000	0.00000000000000000	0.00000000000000000	0.00000000000000000	0.08146239380324211	0.00122412221738011	0.00000000000000000	0.03813905128647554	1.12594298466374076
IMMU-BC2-0261-FIXT-01	0.00000000000000000	0.12739019844884264	0.00000000000000000	0.01465357162145076	0.00000000000000000	0.42463718169848003	0.00000000000000000	0.00000000000000000	0.16691393504105759	0.00000000000000000	0.00000000000000000	0.04106586844087165	0.03599941963076695	0.08290402661968582	0.01170976726157247	0.03729499366017616	0.00000000000000000	0.00000000000000000	0.00000000000000000	0.05148223947919998	0.00594879809789582	0.00000000000000000	0.00000000000000000	0.03145292330518162	1.09788847913950871
IMMU-BC2-0265-FIXT-01	0.01531518813768176	0.01221756044108536	0.00000000000000000	0.00000000000000000	0.00000000000000000	0.32427675991500021	0.31593827895315540	0.00000000000000000	0.00000000000000000	0.00000000000000000	0.10656555771747256	0.00000000000000000	0.04188616699796291	0.06658400695095222	0.00000000000000000	0.05207287167286900	0.01562639622614416	0.00000000000000000	0.00000000000000000	0.01496964075375650	0.03454757223391997	0.00000000000000000	0.00000000000000000	-0.00114335326219251	1.09898936548399795
IMMU-BC2-0277-FIXT-01	0.01771022228160250	0.02665853899099024	0.02655708494939227	0.15841148953292816	0.00000000000000000	0.24057710496913787	0.00000000000000000	0.00000000000000000	0.20581741589303118	0.00000000000000000	0.03908491789984315	0.01708047570402751	0.05254543626995190	0.01054390141623373	0.02908696961961061	0.09389227146517930	0.02751909774596436	0.00000000000000000	0.00000000000000000	0.00000000000000000	0.05451507326210730	0.00000000000000000	0.00000000000000000	0.01914277775263886	1.09767566952106943
IMMU-BC2-0279-FIXT-01	0.00000000000000000	0.11053022675612588	0.00000000000000000	0.14752799084877816	0.00000000000000000	0.33039842686952881	0.00000000000000000	0.03646852692250870	0.16948288317813193	0.00000000000000000	0.05559093222097117	0.00000000000000000	0.04013139395583014	0.02779769535640911	0.01222372589067000	0.01829303711258766	0.00000000000000000	0.00000000000000000	0.00000000000000000	0.00207299482922760	0.04948216605923095	0.00000000000000000	0.00000000000000000	0.10800018200481418	1.07718711885176810
IMMU-BC2-0282-FIXT-01	0.00000000000000000	0.00791332374764105	0.00000000000000000	0.09468516058272602	0.00000000000000000	0.23748632402701375	0.00000000000000000	0.00000000000000000	0.34117801304312789	0.00000000000000000	0.00000000000000000	0.02675787398437675	0.03205696839435979	0.18280269695746362	0.01080570824462993	0.01980614345506496	0.00000000000000000	0.00000000000000000	0.00000000000000000	0.04650778756359618	0.00000000000000000	0.00000000000000000	0.00000000000000000	0.02582829625126019	1.11233312307503662
IMMU-BC2-0283-FIXT-01	0.00000000000000000	0.12660670301194724	0.00000000000000000	0.00000000000000000	0.00000000000000000	0.40606135026164536	0.00000000000000000	0.00000000000000000	0.19266891470256461	0.00000000000000000	0.00000000000000000	0.08457452003369090	0.03824598439021418	0.03975392173035560	0.00000000000000000	0.00713212755781515	0.00914210268763696	0.00000000000000000	0.00000000000000000	0.07591679015274101	0.01149568911545816	0.00840189635593082	0.00000000000000000	0.06005183054821484	1.09409084324755623
IMMU-BC2-0283-FIXT-02	0.00000000000000000	0.00000000000000000	0.00000000000000000	0.12222075953859415	0.00000000000000000	0.34868072841444925	0.00000000000000000	0.00000000000000000	0.10058241720697318	0.00000000000000000	0.04843647283632398	0.00000000000000000	0.11699818407318364	0.10454184434098827	0.01102381476451069	0.06870939722685013	0.00000000000000000	0.00000000000000000	0.00000000000000000	0.01509709423740269	0.03769913323247456	0.02601015412824959	0.00000000000000000	0.01507205176951316	1.10027255136314128
IMMU-BC2-0285-FIXT-01	0.01117325551743267	0.00000000000000000	0.00369746612297604	0.07112393891724171	0.00000000000000000	0.45498607154300824	0.00000000000000000	0.00000000000000000	0.28168493521317362	0.00000000000000000	0.01949414067630318	0.00472836513199783	0.03853238547166248	0.03810697467150501	0.00000000000000000	0.00000000000000000	0.00954324841652511	0.00032624391118267	0.00000000000000000	0.06320990510320317	0.00296501022333360	0.00042805908045462	0.00000000000000000	0.05238055488405389	1.12174680963231155
IMMU-BC2-0288-FIXT-01	0.00000000000000000	0.20398637597866404	0.00000000000000000	0.00000000000000000	0.00000000000000000	0.46383158558677245	0.00000000000000000	0.01135885082625069	0.09086718534120754	0.04033048619133448	0.03890009485779407	0.00000000000000000	0.00000000000000000	0.05079068764450044	0.00126124371347113	0.00000000000000000	0.01259103705683038	0.00000000000000000	0.00000000000000000	0.08112527383066723	0.00495717897250766	0.00000000000000000	0.00000000000000000	0.03908381504544985	1.10048154201159054
IMMU-BC2-0290-FIXT-01	0.00000000000000000	0.21795233412713325	0.00000000000000000	0.00000000000000000	0.00000000000000000	0.56734747376201988	0.00000000000000000	0.00000000000000000	0.06338503345381995	0.00000000000000000	0.00000000000000000	0.00000000000000000	0.02972101574108207	0.07353530700861709	0.00000000000000000	0.00000000000000000	0.00229541390051100	0.00000000000000000	0.00000000000000000	0.03750307521118314	0.00124777683495844	0.00701256996067521	0.00000000000000000	0.11332872666354372	1.07110778308697308
IMMU-BC2-0298-FIXT-01	0.00000000000000000	0.01113148703846858	0.00000000000000000	0.05496817515192063	0.00000000000000000	0.06858548670201435	0.00000000000000000	0.00000000000000000	0.40512445458503898	0.00000000000000000	0.00000000000000000	0.00000000000000000	0.02582241441791028	0.38860217383853796	0.00153949211552733	0.00000000000000000	0.00000000000000000	0.00000000000000000	0.00000000000000000	0.04422631615058180	0.00000000000000000	0.00000000000000000	0.00000000000000000	0.00937518405448202	1.13304475928521442
IMMU-BC2-0309-FIXT-01	0.00000000000000000	0.21058729541633003	0.02186964348847032	0.09334685307159134	0.00000000000000000	0.33777739134026907	0.00000000000000000	0.01128988786178821	0.09696720078091027	0.00000000000000000	0.00000000000000000	0.02528523165522492	0.04204843814790727	0.06350218350983250	0.00000000000000000	0.00000000000000000	0.01220471424749454	0.00000000000000000	0.07730285386965993	0.00000000000000000	0.00781830661052153	0.00000000000000000	0.00000000000000000	0.12839335048907241	1.04597274426590903
IMMU-BC2-0312-FIXT-01	0.00000000000000000	0.23468622991074525	0.00000000000000000	0.06334735440668750	0.00000000000000000	0.37221911517155915	0.00000000000000000	0.00000000000000000	0.13365524020297595	0.00000000000000000	0.00000000000000000	0.02912007389580844	0.02232491695817496	0.07011904131539118	0.00000000000000000	0.00000000000000000	0.00000000000000000	0.00000000000000000	0.00000000000000000	0.06798812333056620	0.00653990480809131	0.00000000000000000	0.00000000000000000	0.02609820984132171	1.10242703157362198
IMMU-BC2-0316-FIXT-01	0.00000000000000000	0.11065386587381856	0.00000000000000000	0.00000000000000000	0.00000000000000000	0.50092622380190843	0.00000000000000000	0.03333807544232744	0.14200774531904120	0.00000000000000000	0.01469049679420607	0.00000000000000000	0.01813519810812702	0.03279994714017240	0.01825886186335844	0.00000000000000000	0.00677384123477094	0.00000000000000000	0.00000000000000000	0.11336333806301754	0.00905240635925204	0.00000000000000000	0.00000000000000000	0.10663154453099198	1.07413342336798134
IMMU-BC2-0333-FIXT-01	0.00000000000000000	0.09606847869812001	0.00000000000000000	0.23008570121596708	0.00000000000000000	0.13835547076960888	0.00000000000000000	0.00000000000000000	0.30977319095061828	0.00000000000000000	0.00000000000000000	0.01236188271205743	0.01604274821742528	0.07729422328722521	0.00000000000000000	0.01193488786784570	0.00000000000000000	0.00000000000000000	0.00000000000000000	0.02562549099045529	0.08102884281122294	0.00142908247945373	0.00000000000000000	0.08434796687173922	1.08324362280040232
IMMU-BC2-0339-FIXT-01	0.01510223620644110	0.00387019173227221	0.00000000000000000	0.15115068287829431	0.00000000000000000	0.19993938123221119	0.00000000000000000	0.00000000000000000	0.35578655732584574	0.00000000000000000	0.00000000000000000	0.00000000000000000	0.03067731583998898	0.10296800942521613	0.01724488907886407	0.00784281815515311	0.00000000000000000	0.00000000000000000	0.00000000000000000	0.02099334174125209	0.09442457638446106	0.00000000000000000	0.00000000000000000	0.04865982151625743	1.09987582356928160
IMMU-BC2-0355-FIXT-01	0.00000000000000000	0.20813831852159459	0.00000000000000000	0.00000000000000000	0.00000000000000000	0.57245104458015095	0.00000000000000000	0.00000000000000000	0.11240258319744896	0.00000000000000000	0.00000000000000000	0.00507120600879972	0.03360809060022946	0.05113629380392895	0.00285032162409953	0.00000000000000000	0.00000000000000000	0.00000000000000000	0.00000000000000000	0.00291103846052400	0.01143110320322382	0.00000000000000000	0.00000000000000000	0.05465129477361904	1.10897845236524573
IMMU-BC2-0362-FIXT-01	0.00000000000000000	0.03272104114077493	0.09663771821496865	0.35296072930259831	0.00000000000000000	0.12144785714573024	0.00000000000000000	0.00000000000000000	0.19482708546537847	0.00000000000000000	0.00000000000000000	0.09655029450716657	0.02440872994048845	0.02418140042175285	0.00568563924362027	0.00000000000000000	0.00000000000000000	0.00000000000000000	0.01080829055816162	0.00000000000000000	0.03977121405935966	0.00000000000000000	0.00000000000000000	0.02845628484565810	1.13319152641461529
IMMU-BC2-0371-FIXT-01	0.00000000000000000	0.03241228198716652	0.00000000000000000	0.00326531370115422	0.00000000000000000	0.57115253336658234	0.02429146959287293	0.00000000000000000	0.06112223564991146	0.00000000000000000	0.04453239243239450	0.00364393549074613	0.04830592572242119	0.17798915791957279	0.00000000000000000	0.00186957835978552	0.00000000000000000	0.00000000000000000	0.00000000000000000	0.01534206159018265	0.01607311418720974	0.00000000000000000	0.00000000000000000	0.01944810200151979	1.11693198470644628
IMMU-BC2-0372-FIXT-01	0.00000000000000000	0.04241092031132529	0.00076192353896520	0.00000000000000000	0.00000000000000000	0.49254947419865264	0.00000000000000000	0.07087325094643976	0.10221558407597227	0.00000000000000000	0.08882882011704110	0.00000000000000000	0.00136319206513906	0.12030810630660375	0.00000000000000000	0.01717318776720263	0.00000000000000000	0.00000000000000000	0.00000000000000000	0.05310957971797481	0.01040596095468351	0.00000000000000000	0.00000000000000000	0.00662548118368080	1.12581497250578066
IMMU-BC2-0374-FIXT-01	0.01393019742876982	0.00000000000000000	0.00000000000000000	0.24121725653773829	0.00000000000000000	0.30018741000531601	0.00000000000000000	0.00843293148621291	0.17004544609692501	0.00000000000000000	0.05125528187036751	0.00000000000000000	0.04552696597275781	0.01484077388467014	0.00000000000000000	0.03348266763394968	0.00000000000000000	0.00000000000000000	0.00000000000000000	0.04547973176644862	0.05420894044916798	0.02139239686767608	0.00000000000000000	0.08984755957296889	1.09290972261975172
IMMU-BC2-0374-FIXT-02	0.00000000000000000	0.03160599551270889	0.00000000000000000	0.00000000000000000	0.00000000000000000	0.56736379721272434	0.00000000000000000	0.00000000000000000	0.20761824260510051	0.00000000000000000	0.00000000000000000	0.00000000000000000	0.08959774317960577	0.03791550272455175	0.00000000000000000	0.00851555135407032	0.00000000000000000	0.01607765870521316	0.00000000000000000	0.00000000000000000	0.04130550870602531	0.00000000000000000	0.00000000000000000	0.03481727831228320	1.12257292426433697
IMMU-BC2-0377-FIXT-01	0.03373845580232404	0.00000000000000000	0.04744789180672655	0.15927360740880459	0.00000000000000000	0.35238553458823113	0.00000000000000000	0.00000000000000000	0.06655751764576116	0.00000000000000000	0.08950940386001963	0.00000000000000000	0.08445397523177454	0.06190693676848813	0.00000000000000000	0.00000000000000000	0.08792020915695900	0.00000000000000000	0.00000000000000000	0.01680646773091136	0.00000000000000000	0.00000000000000000	0.00000000000000000	0.02152372190479288	1.10130122353916526
IMMU-BC2-0380-FIXT-01	0.00000000000000000	0.06393392458179788	0.00000000000000000	0.09171767939821918	0.12823476617563204	0.00000000000000000	0.00000000000000000	0.00000000000000000	0.33732770515001548	0.00000000000000000	0.00000000000000000	0.00372737173393505	0.03488895538258952	0.21185269359620509	0.00914672920428443	0.01352476384734653	0.01879482650626222	0.00000000000000000	0.00000000000000000	0.00000000000000000	0.08030865015135247	0.00654193427236020	0.00000000000000000	0.01720070372797329	1.09880941514237773
IMMU-BC2-0387-FIXT-01	0.00000000000000000	0.06050093731594123	0.00000000000000000	0.01778858460874092	0.00000000000000000	0.49430509241681048	0.00000000000000000	0.00000000000000000	0.19296114366531930	0.00000000000000000	0.00000000000000000	0.00409107064313390	0.02564932975047936	0.11348695789648336	0.01030417165917748	0.04403888723859033	0.00000000000000000	0.00000000000000000	0.00000000000000000	0.00000000000000000	0.03687382480532388	0.00000000000000000	0.00000000000000000	0.04657477285222909	1.10354030252668256
IMMU-BC2-0391-FIXT-01	0.00000000000000000	0.00000000000000000	0.00000000000000000	0.13004510040954451	0.00000000000000000	0.15203147870272560	0.00000000000000000	0.00000000000000000	0.29450509549592402	0.00000000000000000	0.03213807965682031	0.00000000000000000	0.00551341853979723	0.23620008208934917	0.00219196549631732	0.02477021349416072	0.00000000000000000	0.00000000000000000	0.00000000000000000	0.08749328432744970	0.03511128178791131	0.00000000000000000	0.00000000000000000	0.01155661729292089	1.11155544064772771
IMMU-BC2-0392-FIXT-01	0.00000000000000000	0.02425500623875851	0.02656633376131951	0.17021073228782682	0.00000000000000000	0.30400011424580281	0.00000000000000000	0.00000000000000000	0.16830174821751320	0.00000000000000000	0.00000000000000000	0.10244566842649024	0.07563392712389018	0.08075455746807585	0.00491842070547267	0.03585229113305634	0.00000000000000000	0.00000000000000000	0.00691101818249714	0.00000000000000000	0.00015018220929672	0.00000000000000000	0.00000000000000000	0.01427520167681684	1.12487236073506014
IMMU-BC2-0402-FIXT-01	0.00000000000000000	0.06841653372032261	0.00000000000000000	0.09091011065919445	0.00000000000000000	0.29530746473290970	0.00000000000000000	0.00000000000000000	0.36319013494169539	0.00000000000000000	0.00000000000000000	0.04483167804170213	0.03332756746677142	0.04390341272560146	0.00369379731482228	0.00000000000000000	0.00000000000000000	0.00000000000000000	0.00000000000000000	0.04924054813853531	0.00717875225844532	0.00000000000000000	0.00000000000000000	0.07022383177809507	1.10770893690892103
IMMU-BC2-0403-FIXT-01	0.00000000000000000	0.00000000000000000	0.01084418359984799	0.00000000000000000	0.00000000000000000	0.37999238574618610	0.00000000000000000	0.10791630631981630	0.14986808174390362	0.14036999509032952	0.07303907808980374	0.00000000000000000	0.00000000000000000	0.04125963358724624	0.00000000000000000	0.00000000000000000	0.00000000000000000	0.04459921660503631	0.02379888963568652	0.00000000000000000	0.02831222958214370	0.00000000000000000	0.00000000000000000	0.05351635984549583	1.11976011810153953
IMMU-BC2-0404-FIXT-01	0.00000000000000000	0.00798557128489838	0.00000000000000000	0.04835167822438730	0.00000000000000000	0.33046002747012171	0.00000000000000000	0.06003948417659601	0.13187951494203989	0.00000000000000000	0.00423657168519596	0.01084040874999565	0.00013249852395297	0.20618099044058205	0.00092751024350732	0.00000000000000000	0.00000000000000000	0.00000000000000000	0.00000000000000000	0.03138056706235019	0.16758517719637256	0.00000000000000000	0.00000000000000000	0.02322501673217456	1.10210759653731172
IMMU-BC2-0405-FIXT-01	0.00000000000000000	0.08616921806683138	0.00273317959580863	0.09067099168452381	0.00000000000000000	0.25016889706073497	0.00000000000000000	0.02923583376079086	0.18770552827062051	0.00000000000000000	0.00000000000000000	0.00000000000000000	0.02052908040776710	0.22573879061064772	0.00000000000000000	0.00000000000000000	0.00000000000000000	0.00000000000000000	0.00000000000000000	0.04455689881708044	0.06249158172519468	0.00000000000000000	0.00000000000000000	0.02745012493316436	1.09356337576970475
IMMU-BC2-0409-FIXT-01	0.00000000000000000	0.14853101946498434	0.00000000000000000	0.00688787064213520	0.00000000000000000	0.35619490607342641	0.00000000000000000	0.02785928969480534	0.13791828033315595	0.00000000000000000	0.00000000000000000	0.10001967049856955	0.00000000000000000	0.08268884229438538	0.07710895736214235	0.00000000000000000	0.01861414534213191	0.00000000000000000	0.03518400048098807	0.00000000000000000	0.00899301781327542	0.00000000000000000	0.00000000000000000	0.04088605872248831	1.09486833147304896
IMMU-BC2-0414-FIXT-01	0.01065285701390336	0.00000000000000000	0.03387824735066754	0.18917904536401969	0.00000000000000000	0.23664035996643404	0.00000000000000000	0.00000000000000000	0.17910449125979533	0.00000000000000000	0.03834041668363117	0.00045813360134870	0.07376859635033940	0.13437406225450213	0.01768739122507154	0.04035408191812766	0.00000000000000000	0.00000000000000000	0.00000000000000000	0.04504590142399874	0.00051641558816076	0.00000000000000000	0.00000000000000000	0.00942562622324608	1.10345738217662626
IMMU-BC2-0430-FIXT-01	0.00000000000000000	0.12563226734571800	0.00000000000000000	0.00000000000000000	0.17668087555828382	0.08435224353875534	0.01677068738937395	0.00000000000000000	0.14988102150228680	0.00000000000000000	0.00000000000000000	0.00507707835247773	0.11645856644764219	0.23115455143258939	0.00980154480577503	0.00904143660275756	0.01064359266707360	0.00000000000000000	0.00000000000000000	0.03796458117518425	0.01175585034937221	0.01478570283271024	0.00000000000000000	0.06197864704073851	1.06769713846546677
IMMU-BC2-0538-FIXT-01	0.00000000000000000	0.18200687852756431	0.00000000000000000	0.00000000000000000	0.00000000000000000	0.46159190346658974	0.00000000000000000	0.02920932756294725	0.14215628463800103	0.00000000000000000	0.00000000000000000	0.02285022845441562	0.05657679553116562	0.02235011597978962	0.01181677431875269	0.03674554523923369	0.00951209602250831	0.00000000000000000	0.00000000000000000	0.00195414791804836	0.02322990234098367	0.00000000000000000	0.00000000000000000	0.10559559534079931	1.06927427361419247
IMMU-BC2-0546-FIXT-02	0.02167679071666400	0.00000000000000000	0.00829634618357484	0.09276633148484578	0.00000000000000000	0.21598109629880294	0.00000000000000000	0.00000000000000000	0.26921081552885812	0.00000000000000000	0.00000000000000000	0.06879991047016505	0.05580827454549222	0.18069152897598872	0.02951365266308920	0.01568286047477662	0.00000000000000000	0.00000000000000000	0.00000000000000000	0.00000000000000000	0.04157239265774253	0.00000000000000000	0.00000000000000000	0.00273798967241250	1.11168071707453953
IMMU-BC2-0744-FIXT-01	0.03655175859323066	0.00000000000000000	0.00024658017800004	0.16640432202451502	0.00000000000000000	0.37186769003005576	0.00000000000000000	0.00000000000000000	0.22998426411076775	0.00000000000000000	0.01637362874437379	0.00418523720649973	0.03010836793853156	0.05830627195316309	0.00000000000000000	0.01374162743541342	0.01101952558016949	0.00000000000000000	0.00000000000000000	0.01789245340715942	0.04331827279812040	0.00000000000000000	0.00000000000000000	0.03867979291802441	1.12065662185781934
IMMU-BC2-0748-FIXT-01	0.00000000000000000	0.00000000000000000	0.00000000000000000	0.24911655325908172	0.00000000000000000	0.17232594181814992	0.00000000000000000	0.00000000000000000	0.20854268040992091	0.00000000000000000	0.02644556629558914	0.01947336021815257	0.00000000000000000	0.30220586814134109	0.00000000000000000	0.00000000000000000	0.00000000000000000	0.00000000000000000	0.00000000000000000	0.02068976484383990	0.00120026501392490	0.00000000000000000	0.00000000000000000	0.01879558827709881	1.13083110414176624
IMMU-BC2-0752-FIXT-01	0.02299998385594521	0.00000000000000000	0.00000000000000000	0.20414516839525837	0.00000000000000000	0.13463872911712230	0.00000000000000000	0.00000000000000000	0.25393466448866309	0.00000000000000000	0.00000000000000000	0.06141724744840502	0.02348567290574467	0.24991268380102252	0.02860560453116839	0.00000000000000000	0.00000000000000000	0.00000000000000000	0.00000000000000000	0.00371572017511181	0.01714452528155868	0.00000000000000000	0.00000000000000000	0.00471713822926653	1.12386138527028656
IMMU-BC2-0753-FIXT-01	0.00014881154471400	0.00064973047595731	0.00000000000000000	0.00000000000000000	0.00000000000000000	0.55756248658426821	0.00000000000000000	0.00000000000000000	0.10710417709284553	0.00000000000000000	0.06735954681483082	0.00000000000000000	0.02172727325926105	0.17413860836373676	0.00121289225145598	0.01830684872591394	0.00000000000000000	0.00000000000000000	0.00000000000000000	0.00000000000000000	0.05036415544511495	0.00142546944190148	0.00000000000000000	0.04030696331245176	1.11210460034193725
IMMU-BC2-0755-FIXT-01	0.00000000000000000	0.15356398333139523	0.00000000000000000	0.00000000000000000	0.00000000000000000	0.34238265739079476	0.00000000000000000	0.03932058981257794	0.17451428673954908	0.00000000000000000	0.00000000000000000	0.00000000000000000	0.01846910472566091	0.08578030549471079	0.00000000000000000	0.00316172063135003	0.00209303402823756	0.00000000000000000	0.00000000000000000	0.17006443529561252	0.01064988255011128	0.00000000000000000	0.00000000000000000	0.05426781875840191	1.08557724616688378
IMMU-BC2-0756-FIXT-01	0.02479199623478119	0.00000000000000000	0.09071034703611153	0.00000000000000000	0.00000000000000000	0.20921325889096998	0.00000000000000000	0.00000000000000000	0.25174677977621857	0.00000000000000000	0.00000000000000000	0.15875151139995045	0.02733462141866906	0.15726481756755842	0.00417064730153198	0.00000000000000000	0.00000000000000000	0.00000000000000000	0.05972783146965577	0.00000000000000000	0.01628818890455304	0.00000000000000000	0.00000000000000000	-0.00757158339353491	1.11365168045235041
IMMU-BC2-0764-FIXT-01	0.00000000000000000	0.00727563974862573	0.00000000000000000	0.17429998149639986	0.00000000000000000	0.39771982481421669	0.00000000000000000	0.00000000000000000	0.09004103154667048	0.00000000000000000	0.07487628348853113	0.00000000000000000	0.01416372644254533	0.07945295936706986	0.00531092776496125	0.09511132153374659	0.00000000000000000	0.00000000000000000	0.00000000000000000	0.05679571034326945	0.00495259345396367	0.00000000000000000	0.00000000000000000	-0.00381689487644752	1.13199490109941925
IMMU-BC2-0775-FIXT-01	0.00000000000000000	0.00000000000000000	0.00000000000000000	0.10813622964067560	0.00000000000000000	0.31735997744438543	0.00000000000000000	0.00000000000000000	0.22143791721816317	0.00000000000000000	0.04138567662969747	0.00000000000000000	0.00813186802213215	0.19040031558362311	0.00340608627919781	0.03914938831061054	0.00000000000000000	0.00000000000000000	0.00000000000000000	0.06711737090779857	0.00347516996371622	0.00000000000000000	0.00000000000000000	0.03358998263053594	1.10730405215477967
IMMU-BC2-0776-FIXT-01	0.00000000000000000	0.02709742523206918	0.00000000000000000	0.18224306003263982	0.00000000000000000	0.26405298195398524	0.00000000000000000	0.00000000000000000	0.26447413758007748	0.00000000000000000	0.00000000000000000	0.02441238258274381	0.02275434745762287	0.12676219916772949	0.01195467156495155	0.03588837922498683	0.00000000000000000	0.00000000000000000	0.00000000000000000	0.04036041520319369	0.00000000000000000	0.00000000000000000	0.00000000000000000	0.12208560582494016	1.07043443170954311
IMMU-BC2-0776-FIXT-02	0.00950237600704301	0.00000000000000000	0.00000000000000000	0.17807095664895875	0.00000000000000000	0.40032774099609925	0.00000000000000000	0.00000000000000000	0.08027591840007604	0.00000000000000000	0.00000000000000000	0.08301760720926749	0.12505824734250101	0.03210026268411956	0.00357802700600325	0.07027591178083954	0.00000000000000000	0.00184630804866018	0.01594664387643192	0.00000000000000000	0.00000000000000000	0.00000000000000000	0.00000000000000000	0.03664537209223603	1.11652709463902378
IMMU-BC2-0777-FIXT-01	0.00000000000000000	0.00000000000000000	0.00483199506201319	0.00000000000000000	0.00000000000000000	0.37591380344177161	0.00000000000000000	0.00693371411491757	0.16232956726605560	0.00000000000000000	0.00000000000000000	0.00246467875795525	0.00001334777824807	0.30576094369211315	0.00000000000000000	0.01075984778627215	0.00000000000000000	0.00000000000000000	0.00000000000000000	0.05167161608768603	0.07932048601296748	0.00000000000000000	0.00000000000000000	0.03773115892340516	1.10371579096849959
IMMU-BC2-0778-FIXT-01	0.00000000000000000	0.03715034775946654	0.00217083054016861	0.00000000000000000	0.00000000000000000	0.51170080791187067	0.00000000000000000	0.00000000000000000	0.10199498506314891	0.01487085780675944	0.02906357021177582	0.00000000000000000	0.00662051647541103	0.09091231405154483	0.02274548745577601	0.03747618884177541	0.00869357732619600	0.00000000000000000	0.00000000000000000	0.10712137253953820	0.02747119019387485	0.00200795382269374	0.00000000000000000	0.06635676321744111	1.08509734531851731
IMMU-BC2-0781-FIXT-01	0.00000000000000000	0.00000000000000000	0.00000000000000000	0.05334559786810965	0.00000000000000000	0.45950139428801601	0.00000000000000000	0.05306262924329789	0.13027018007932703	0.00000000000000000	0.00594406855835869	0.03230386048381971	0.06183515831006522	0.09872266604395818	0.00000000000000000	0.00000000000000000	0.00000000000000000	0.00000000000000000	0.00000000000000000	0.06715069824131402	0.00000000000000000	0.03786374688373376	0.00000000000000000	0.04873393056726100	1.10506986461565671
IMMU-BC2-0784-FIXT-01	0.00000000000000000	0.11850860769913860	0.00000000000000000	0.00000000000000000	0.00000000000000000	0.34804444969660442	0.00000000000000000	0.00000000000000000	0.32122256653782466	0.00000000000000000	0.00000000000000000	0.01603882573358443	0.05501685921917999	0.11519506027198487	0.00471439165397969	0.00533070714462673	0.00000000000000000	0.00000000000000000	0.00000000000000000	0.00000000000000000	0.01024764122224983	0.00568089082082661	0.00000000000000000	0.06538051225667053	1.09123560311280920
IMMU-BC2-0785-FIXT-01	0.00858488699962103	0.00000000000000000	0.01160358881327919	0.02495954279025101	0.00000000000000000	0.44671685417845963	0.00000000000000000	0.05348997179789520	0.16779298687613695	0.00000000000000000	0.00000000000000000	0.03855452873525071	0.05691204080468584	0.13938592769851935	0.04175668157464991	0.00000000000000000	0.00000000000000000	0.01024298973125132	0.00000000000000000	0.00000000000000000	0.00000000000000000	0.00000000000000000	0.00000000000000000	0.02345898206180949	1.11466542628290743
IMMU-BC2-0792-FIXT-01	0.02801519346905661	0.01139522346794611	0.00000000000000000	0.12596376775479759	0.00000000000000000	0.43953482546696027	0.00000000000000000	0.00000000000000000	0.14596936885503203	0.00000000000000000	0.00000000000000000	0.00000000000000000	0.07865982560181094	0.08324468251027344	0.00000000000000000	0.01477463316778727	0.00000000000000000	0.00000000000000000	0.00000000000000000	0.05782508786450071	0.01461739184183494	0.00000000000000000	0.00000000000000000	0.08319678589073987	1.08631274730596128
IMMU-BC2-0794-FIXT-01	0.00000000000000000	0.07360935232461582	0.00000000000000000	0.04795954621017655	0.00000000000000000	0.37753643521739916	0.00000000000000000	0.04102037899837390	0.16770552872725522	0.00000000000000000	0.00000000000000000	0.00000000000000000	0.08753796505821924	0.06619705033511510	0.00000000000000000	0.03719045045728579	0.00429291775268494	0.00000000000000000	0.00000000000000000	0.08721472369723419	0.00973565122164008	0.00000000000000000	0.00000000000000000	0.03220091873819606	1.09322046075362711
IMMU-BC2-0797-FIXT-01	0.00000000000000000	0.00313316482678240	0.00000000000000000	0.07779567620804381	0.00000000000000000	0.36557292760546317	0.00000000000000000	0.00000000000000000	0.15758569926906613	0.00000000000000000	0.02386991371457144	0.00123381200573756	0.03942806961145457	0.13677800984979427	0.08090224681465648	0.06315403960753814	0.00176045476899128	0.00000000000000000	0.00000000000000000	0.02621026942860363	0.02257571628929704	0.00000000000000000	0.00000000000000000	0.06877911045587132	1.07972962433552389
IMMU-BC2-0801-FIXT-01	0.00000000000000000	0.00000000000000000	0.00000000000000000	0.28492472643856148	0.00000000000000000	0.13421437058559249	0.00000000000000000	0.01814039289367395	0.20739752396098723	0.00000000000000000	0.00000000000000000	0.08014278090241010	0.04065168978595268	0.10473595550507826	0.06104805482811826	0.03601446805856553	0.00000000000000000	0.00000000000000000	0.02050152200625393	0.00000000000000000	0.01222851503480615	0.00000000000000000	0.00000000000000000	-0.00279815141352637	1.13406559514275918
IMMU-BC2-0804-FIXT-01	0.00000000000000000	0.12435479179729826	0.00000000000000000	0.01245377277416937	0.00000000000000000	0.46873732829730513	0.00000000000000000	0.00000000000000000	0.18255563900439498	0.00000000000000000	0.06643048979522684	0.00000000000000000	0.02309229533712014	0.03051626771134840	0.00935949178828646	0.02123993418755370	0.00000000000000000	0.00000000000000000	0.00000000000000000	0.04128906267117419	0.01997092663612264	0.00000000000000000	0.00000000000000000	0.11680384203227122	1.07037560699946943
IMMU-BC2-0805-FIXT-01	0.00000000000000000	0.11756558119021814	0.00000000000000000	0.00000000000000000	0.00000000000000000	0.14785761385877497	0.00000000000000000	0.07799338401076851	0.26125215343101921	0.00000000000000000	0.00000000000000000	0.04048723811231902	0.05639977281948106	0.10185160742806891	0.00000000000000000	0.02405326189946125	0.01073288752469826	0.00000000000000000	0.00000000000000000	0.13866274627165401	0.02314375345353666	0.00000000000000000	0.00000000000000000	0.02612502115065351	1.08800466656257933
IMMU-BC2-0812-FIXT-01	0.00000000000000000	0.08039645789804750	0.00000000000000000	0.03240330356937103	0.00000000000000000	0.33468811429315920	0.00000000000000000	0.00000000000000000	0.20078407727301842	0.00000000000000000	0.00000000000000000	0.02203426254544299	0.02944932001697742	0.01987858183376407	0.00000000000000000	0.05340227182230927	0.00201212732919276	0.00000000000000000	0.00000000000000000	0.21101820459895657	0.01168316001332745	0.00225011880643334	0.00000000000000000	0.04479334259679364	1.09845041387053977
IMMU-BC2-0813-FIXT-01	0.00000000000000000	0.15300054655924866	0.00607864271270871	0.00000000000000000	0.00000000000000000	0.54855263115460218	0.00000000000000000	0.00000000000000000	0.14633922718050194	0.07880759495204680	0.00000000000000000	0.00000000000000000	0.01193552062708786	0.01205279751412189	0.00000000000000000	0.00000000000000000	0.00000000000000000	0.00000000000000000	0.00000000000000000	0.00000000000000000	0.04323303929968191	0.00000000000000000	0.00000000000000000	0.03801921475256229	1.12727960200573496
IMMU-BC2-0815-FIXT-01	0.00000000000000000	0.08374395289688423	0.00000000000000000	0.00000000000000000	0.00000000000000000	0.46824448827391107	0.00000000000000000	0.00000000000000000	0.26733841680495080	0.00000000000000000	0.00000000000000000	0.02450211430615585	0.03637901976579660	0.03593369889886405	0.02031208136837673	0.04256177626936530	0.00000000000000000	0.00000000000000000	0.00000000000000000	0.01433679834453783	0.00400304524235485	0.00264460782880279	0.00000000000000000	0.03446196173568559	1.11674891451251379
IMMU-BC2-0815-FIXT-01	0.00000000000000000	0.07292313015619743	0.00000000000000000	0.00000000000000000	0.00000000000000000	0.46206606996566812	0.00000000000000000	0.00000000000000000	0.25156157225664955	0.00000000000000000	0.07724213714619430	0.00000000000000000	0.02400229849843875	0.00000000000000000	0.00000000000000000	0.03480379136479425	0.00000000000000000	0.00454369465169767	0.00000000000000000	0.06593559505763849	0.00692171090272148	0.00000000000000000	0.00000000000000000	0.02083337089008515	1.12611053864360500
IMMU-BC2-0829-FIXT-01	0.00000000000000000	0.00152244451418872	0.06217375434194136	0.15317460459950044	0.00000000000000000	0.23067386978902071	0.00000000000000000	0.06530381449519257	0.16620361657046942	0.00000000000000000	0.00000000000000000	0.12222868454984165	0.02549184495537928	0.12048932266612408	0.00000000000000000	0.02173651802484435	0.00321706366577688	0.01193191800215213	0.01585254382556837	0.00000000000000000	0.00000000000000000	0.00000000000000000	0.00000000000000000	0.04329513079930297	1.10824969040265331
IMMU-BC2-0832-FIXT-01	0.00000000000000000	0.03173917763069090	0.00000000000000000	0.00000000000000000	0.00000000000000000	0.50074514002715520	0.00000000000000000	0.00709845280280137	0.19129957034502035	0.00000000000000000	0.05391482776477658	0.00000000000000000	0.00403257737005331	0.09515168708855078	0.00000000000000000	0.04966805421417617	0.00000000000000000	0.00000000000000000	0.00000000000000000	0.06635051275677542	0.00000000000000000	0.00000000000000000	0.00000000000000000	0.04814280283562358	1.10632009121110642
IMMU-BC2-0834-FIXT-01	0.00000000000000000	0.05330907242997063	0.00283510773129363	0.00000000000000000	0.00000000000000000	0.48656532668813146	0.00000000000000000	0.05370201287132548	0.11636977988594401	0.01911393216910686	0.05614121499941462	0.00000000000000000	0.03071192701513738	0.03479643288044777	0.00000000000000000	0.00029873432910478	0.00142180465939043	0.00000000000000000	0.00000000000000000	0.11724538507058362	0.02748926927014932	0.00000000000000000	0.00000000000000000	0.02210108519597931	1.11680007037281692
IMMU-BC2-0842-FIXT-01	0.05211263072625411	0.00000000000000000	0.01913754411363875	0.01107908626613991	0.00000000000000000	0.46661683106290780	0.00000000000000000	0.00000000000000000	0.10617456462760412	0.00000000000000000	0.03767847896574609	0.00000000000000000	0.00000000000000000	0.08923359472568902	0.00000000000000000	0.07547361577759129	0.00000000000000000	0.00000000000000000	0.00000000000000000	0.06630720562820076	0.05170055472274657	0.02448589338348169	0.00000000000000000	0.06618992661117160	1.07654525512451871
IMMU-BC2-0843-FIXT-02	0.01904559371616910	0.00000000000000000	0.00234386021428298	0.22290010764057244	0.00000000000000000	0.26220284563354118	0.00000000000000000	0.00000000000000000	0.14745107941979624	0.00000000000000000	0.00000000000000000	0.00000000000000000	0.01689026660291248	0.09123961409812499	0.01934666308007376	0.06597355870088051	0.00000000000000000	0.09532214041333507	0.00000000000000000	0.00000000000000000	0.00000000000000000	0.05728427048031105	0.00000000000000000	-0.00549978880648077	1.11777641613944345
IMMU-BC2-0844-FIXT-02	0.02917096327821688	0.09703201572802274	0.06945778685575968	0.12023752107386122	0.00000000000000000	0.26748396450503614	0.00000000000000000	0.00000000000000000	0.20640170508077391	0.00000000000000000	0.00000000000000000	0.02457600593013906	0.02956068466195846	0.05504695453608578	0.02538574868159036	0.00000000000000000	0.00000000000000000	0.00000000000000000	0.00000000000000000	0.00000000000000000	0.07564664966855573	0.00000000000000000	0.00000000000000000	0.04723881015775148	1.08489626496578406
IMMU-BC2-0845-FIXT-01	0.00000000000000000	0.02123859332303331	0.00000000000000000	0.00000000000000000	0.00000000000000000	0.62903994477716363	0.00000000000000000	0.02812398936876143	0.12605071732685846	0.00000000000000000	0.00000000000000000	0.00000000000000000	0.05882177383871188	0.02866830635281001	0.01310602892464660	0.02776817549818692	0.00162581276359434	0.00000000000000000	0.00000000000000000	0.02048234721258346	0.04173601610189284	0.00333829451175720	0.00000000000000000	0.05393041558973276	1.11556964812827819
IMMU-BC2-0856-FIXT-01	0.00970733854174748	0.02554938282939470	0.05813969027436004	0.06602039913548742	0.00000000000000000	0.21356666138183622	0.00000000000000000	0.00000000000000000	0.17124550180320156	0.00000000000000000	0.02235195900386107	0.01867488449936005	0.07403470901117182	0.32486837660954454	0.01584109691003506	0.00000000000000000	0.00000000000000000	0.00000000000000000	0.00000000000000000	0.00000000000000000	0.00000000000000000	0.00000000000000000	0.00000000000000000	0.05853610528123949	1.08193593026686341
IMMU-BC2-0862-FIXT-01	0.00000000000000000	0.10382378784871060	0.00000000000000000	0.00000000000000000	0.00000000000000000	0.40916698222881365	0.00000000000000000	0.06384421904224137	0.06218033529782479	0.00368276949828644	0.06517429786995621	0.00000000000000000	0.00292931736067082	0.06907771452203351	0.00000000000000000	0.03631327568401427	0.01004700496792782	0.00000000000000000	0.00000000000000000	0.16230698550186104	0.01145331017765959	0.00000000000000000	0.00000000000000000	0.11562165097885739	1.05916761571772655
IMMU-BC2-0876-FIXT-01	0.00000000000000000	0.10202263377837935	0.00000000000000000	0.00000000000000000	0.00000000000000000	0.31597576287036289	0.10255319593913784	0.00000000000000000	0.21190849406342349	0.00667317928068747	0.00000000000000000	0.00000000000000000	0.02918771177319787	0.15137885093033621	0.00532030054252141	0.00710562238689967	0.00000000000000000	0.00000000000000000	0.00000000000000000	0.00000000000000000	0.06787424843505369	0.00000000000000000	0.00000000000000000	0.03651483060437933	1.08432411166278819
IMMU-BC2-0878-FIXT-01	0.00000000000000000	0.09637489326619030	0.00000000000000000	0.00000000000000000	0.00000000000000000	0.47554844461988327	0.00000000000000000	0.00000000000000000	0.20880191273578003	0.03757812012786928	0.04532330360675118	0.00000000000000000	0.00390807025987089	0.01377205200121367	0.00000000000000000	0.00000000000000000	0.00289585312423899	0.00000000000000000	0.00000000000000000	0.10431611505987524	0.01148123519832710	0.00000000000000000	0.00000000000000000	0.05844504961847070	1.10884000329273125
IMMU-BC2-0879-FIXT-01	0.01364886728767670	0.00000000000000000	0.02012030484066370	0.14784077601718085	0.00000000000000000	0.24331645955907680	0.00000000000000000	0.00000000000000000	0.17852915532349131	0.00000000000000000	0.00000000000000000	0.14058836945630282	0.02079338202276028	0.10026573390878024	0.00380396328672447	0.04246900076654941	0.00000000000000000	0.00000000000000000	0.06955270195386508	0.00000000000000000	0.01181564618252003	0.00725563939440820	0.00000000000000000	0.00297984509981306	1.12605151966387251
IMMU-BC2-0880-FIXT-01	0.07674725730161465	0.00000000000000000	0.00630938477885191	0.14008949349902977	0.00000000000000000	0.29756792187442493	0.00000000000000000	0.00000000000000000	0.17580546925361176	0.00000000000000000	0.00000000000000000	0.04073365231691371	0.02743610666070051	0.05393440604913370	0.04288457585256487	0.08926141113905131	0.00389183693538306	0.00000000000000000	0.01753707830879006	0.00000000000000000	0.02780140602992990	0.00000000000000000	0.00000000000000000	0.03454437921402843	1.09459670570884637
IMMU-BC2-0881-FIXT-01	0.08320504566248829	0.00000000000000000	0.00211028297010033	0.32136936960113860	0.00000000000000000	0.09781332614152641	0.00000000000000000	0.00000000000000000	0.23620628901727891	0.00000000000000000	0.00000000000000000	0.01901420088984692	0.02103166460038224	0.12594349998329982	0.00445512003834997	0.03139983658537739	0.00000000000000000	0.00000000000000000	0.00000000000000000	0.02171227585821825	0.03573908865199296	0.00000000000000000	0.00000000000000000	0.03665167100539345	1.10624257747781529
IMMU-BC2-0885-FIXT-01	0.06948194844195010	0.00000000000000000	0.11509080874977140	0.17030499070804336	0.00000000000000000	0.34758944938901998	0.00000000000000000	0.00000000000000000	0.18443742794958662	0.00000000000000000	0.00000000000000000	0.04805428837696437	0.02397911223150198	0.01848352996944859	0.00736257998170912	0.00593699859583405	0.00000000000000000	0.00000000000000000	0.00000000000000000	0.00071497415495640	0.00346901789656204	0.00509487355465206	0.00000000000000000	0.07604822290764973	1.09743793506651643
IMMU-BC2-0891-FIXT-01	0.00000000000000000	0.08207837979900973	0.00000000000000000	0.00000000000000000	0.00000000000000000	0.47418347086654511	0.00000000000000000	0.00000000000000000	0.24599177852301274	0.00000000000000000	0.00000000000000000	0.03507225785483395	0.02111696024887033	0.07367200703922297	0.00641180086348109	0.01414165348764121	0.00000000000000000	0.00000000000000000	0.00000000000000000	0.00000000000000000	0.04261596514480628	0.00471572617257648	0.00000000000000000	0.06448187311783657	1.10227983036183841
IMMU-BC2-0898-FIXT-01	0.00000000000000000	0.17823766143445960	0.00000000000000000	0.00000000000000000	0.00000000000000000	0.51342226526310908	0.00000000000000000	0.00000000000000000	0.16251834988354305	0.00000000000000000	0.00000000000000000	0.00000000000000000	0.02630527519277206	0.03097128351468037	0.00111379549450751	0.01609964934314327	0.00738088571076540	0.00216405540433180	0.00000000000000000	0.02827561801233092	0.02982581626324356	0.00368534448311327	0.00000000000000000	0.09153661435258326	1.08234248371724329
IMMU-BC2-0900-FIXT-02	0.04274970668660587	0.10906544462556143	0.03945222554303782	0.32127787960130183	0.00000000000000000	0.07791291143382706	0.06502584963398970	0.00000000000000000	0.15738358902273217	0.00000000000000000	0.02105809650234439	0.00269455256130945	0.03715397911852976	0.03553320791506993	0.03298775695755458	0.04303032318410894	0.00000000000000000	0.00000000000000000	0.00000000000000000	0.00000000000000000	0.01467447721402698	0.00000000000000000	0.00000000000000000	0.11919229500014361	1.05676832708679580
IMMU-BC2-0925-FIXT-01	0.00000000000000000	0.09131597503392691	0.00000000000000000	0.00891110586160489	0.00000000000000000	0.46260633157715997	0.00000000000000000	0.04599502552434252	0.14515584337901408	0.00000000000000000	0.05043814261306895	0.00000000000000000	0.01490168282074661	0.05199034968677117	0.00040520760102488	0.00000000000000000	0.00000000000000000	0.00000000000000000	0.00000000000000000	0.11745137301728376	0.01082896288505635	0.00000000000000000	0.00000000000000000	0.03090384410402490	1.11098829387679743
IMMU-BC2-0928-FIXT-01	0.00000000000000000	0.16712488572058729	0.00000000000000000	0.00000000000000000	0.00000000000000000	0.53004265751264368	0.00000000000000000	0.00000000000000000	0.11593733791940741	0.00000000000000000	0.00000000000000000	0.00000000000000000	0.03203076916597815	0.06903145026544620	0.04432095930982241	0.01357436991967081	0.00314153015897286	0.00000000000000000	0.00000000000000000	0.00000000000000000	0.02407910220504632	0.00071693782242504	0.00000000000000000	0.05415842908001303	1.09516879518490695
IMMU-BC2-0930-FIXT-01	0.00000000000000000	0.02861746851592430	0.00000000000000000	0.00000000000000000	0.00000000000000000	0.60904435192333539	0.00000000000000000	0.02206660109024565	0.14064833840335747	0.00000000000000000	0.05550608267123024	0.00066601199120453	0.04182521851744444	0.00000000000000000	0.00000000000000000	0.03538220425164650	0.00000000000000000	0.00000000000000000	0.00000000000000000	0.06514356528969902	0.00110015734591262	0.00000000000000000	0.00000000000000000	0.02994262499285762	1.13312499146407064
IMMU-BC2-0931-FIXT-01	0.00000000000000000	0.00000000000000000	0.05219769690418627	0.13493042607653877	0.00000000000000000	0.26936568732125360	0.00000000000000000	0.00000000000000000	0.12664961903299984	0.00000000000000000	0.02354710592092503	0.02225495715901032	0.03976137376911820	0.00781816534497903	0.00931445800306645	0.10163497138648968	0.14941147364605395	0.00000000000000000	0.03630748791967547	0.00000000000000000	0.02680657751570342	0.00000000000000000	0.00000000000000000	0.08180213166151463	1.05550171179791352
IMMU-BC2-0931-FIXT-02	0.00000000000000000	0.00000000000000000	0.16068692958496081	0.22547802882627649	0.00000000000000000	0.28376078346471750	0.00000000000000000	0.00000000000000000	0.11953533049732332	0.00000000000000000	0.03554530178380473	0.00000000000000000	0.04473946207176765	0.00878661691309555	0.00000000000000000	0.00000000000000000	0.04974859956468810	0.00000000000000000	0.00000000000000000	0.03909207680204839	0.03262687049131759	0.00000000000000000	0.00000000000000000	-0.00081258260237332	1.11093670797953670
IMMU-BC2-0936-FIXT-01	0.02137099456823822	0.00000000000000000	0.05416674018553030	0.01116334461719985	0.00000000000000000	0.58080691662800177	0.00000000000000000	0.02801760754419231	0.01977290766933544	0.00000000000000000	0.05059659579648709	0.00000000000000000	0.04934072364639254	0.11557980919634396	0.00000000000000000	0.02480904636379474	0.00000000000000000	0.02708246618863082	0.01480212011295721	0.00000000000000000	0.00000000000000000	0.00249072748289570	0.00000000000000000	0.05739403383963192	1.09277755976128499
IMMU-BC2-0946-FIXT-01	0.04011246199882671	0.00000000000000000	0.00000000000000000	0.05779887379302767	0.00000000000000000	0.34337696087935299	0.00000000000000000	0.00000000000000000	0.17267481524545819	0.00000000000000000	0.00000000000000000	0.04701018334040217	0.03889362172340095	0.08593357646133845	0.06342076283350370	0.12413536817137720	0.00000000000000000	0.00000000000000000	0.02570827633103007	0.00000000000000000	0.00000000000000000	0.00093509922228178	0.00000000000000000	0.01181481465695692	1.09936773937138255
IMMU-BC2-1000-FIXT-01	0.00000000000000000	0.17834387728714038	0.00000000000000000	0.00000000000000000	0.00000000000000000	0.39005753735758097	0.00000000000000000	0.04817346267294519	0.25824341698323044	0.00000000000000000	0.00000000000000000	0.00000000000000000	0.04126407223628276	0.04613940124871396	0.00000000000000000	0.00280121569839141	0.00000000000000000	0.00512056858029515	0.00000000000000000	0.00000000000000000	0.02985644793541978	0.00000000000000000	0.00000000000000000	0.09505105914924476	1.08319694120256282
IMMU-BC2-1002-FIXT-01	0.00000000000000000	0.09003748022939555	0.00000000000000000	0.00000000000000000	0.00000000000000000	0.48090649986852080	0.00000000000000000	0.00000000000000000	0.23360919233320585	0.00000000000000000	0.00000000000000000	0.00000000000000000	0.00822921974353482	0.09098957851366755	0.00000000000000000	0.00000000000000000	0.00164874563543193	0.00000000000000000	0.00000000000000000	0.05700842576949702	0.03757085790674655	0.00000000000000000	0.00000000000000000	0.04613147709172159	1.10588864926120278
IMMU-BC2-1003-FIXT-01	0.00903510773552488	0.00000000000000000	0.00000000000000000	0.29253578674693265	0.00000000000000000	0.21192629700081475	0.00000000000000000	0.00261826590662584	0.22209926913877712	0.00000000000000000	0.00000000000000000	0.03234620298700633	0.04671538106710743	0.07930301756862250	0.00000000000000000	0.07148428971105790	0.00000000000000000	0.00000000000000000	0.00000000000000000	0.01534245531839061	0.01659392681913993	0.00000000000000000	0.00000000000000000	0.10796696098135054	1.08365760634775454
IMMU-BC2-1004-FIXT-01	0.00000000000000000	0.06701517784726271	0.00000000000000000	0.23779315623325847	0.00000000000000000	0.07702028505542004	0.00000000000000000	0.00000000000000000	0.39717130591997912	0.00000000000000000	0.00000000000000000	0.05412001408089568	0.02681996308173593	0.11922303358296776	0.01239310219859403	0.00000000000000000	0.00476840736764203	0.00000000000000000	0.00156550576386854	0.00000000000000000	0.00211004886837573	0.00000000000000000	0.00000000000000000	0.01460586089829415	1.13419125150808475
IMMU-BC2-1006-FIXT-01	0.00000000000000000	0.02134208906296097	0.02881008437884771	0.00000000000000000	0.00000000000000000	0.35837996097841796	0.00000000000000000	0.00000000000000000	0.19093856761627026	0.00000000000000000	0.00000000000000000	0.03282207794027107	0.02816569003909059	0.05931292540971260	0.00687584247196973	0.06118247480181949	0.08553951241559110	0.00000000000000000	0.03577990118813318	0.00000000000000000	0.09085087369691540	0.00000000000000000	0.00000000000000000	0.02945183652383594	1.07862001023567822
IMMU-BC2-1007-FIXT-01	0.00000000000000000	0.00000000000000000	0.00000000000000000	0.21283727532188093	0.00000000000000000	0.28635614355529421	0.00000000000000000	0.00000000000000000	0.16126758134641728	0.00000000000000000	0.00000000000000000	0.01650183490841848	0.04105253026785367	0.07582849169316830	0.08179756990580477	0.12435857300116240	0.00000000000000000	0.00000000000000000	0.00000000000000000	0.00000000000000000	0.00000000000000000	0.00000000000000000	0.00000000000000000	-0.00147048855401519	1.12249463743293587
IMMU-BC2-1016-FIXT-01	0.00000000000000000	0.11207259622305832	0.00000000000000000	0.18928588744519126	0.00000000000000000	0.15201679447370745	0.00000000000000000	0.00000000000000000	0.18454056688626355	0.00000000000000000	0.00000000000000000	0.01440809278447655	0.05839466102885429	0.17153136709026723	0.00000000000000000	0.02469670800763748	0.00000000000000000	0.00000000000000000	0.00000000000000000	0.06436967125907432	0.02868365480146958	0.00000000000000000	0.00000000000000000	-0.00474154258202645	1.10154603957619823
IMMU-BC2-1020-FIXT-01	0.00000000000000000	0.00000000000000000	0.13884065430916737	0.01228432617485402	0.00000000000000000	0.35029618669119655	0.00000000000000000	0.00000000000000000	0.11568052504303279	0.00000000000000000	0.05547269785575232	0.00000000000000000	0.03660452879974623	0.14847322876988805	0.00000000000000000	0.04702367265162320	0.08151208911026800	0.00000000000000000	0.00000000000000000	0.01381209059447152	0.00000000000000000	0.00000000000000000	0.00000000000000000	0.02964802986986810	1.07463592783452722
IMMU-BC2-1022-FIXT-01	0.00000000000000000	0.06810546129222020	0.00000000000000000	0.00000000000000000	0.00000000000000000	0.48970280625985313	0.00000000000000000	0.02588590465002627	0.05153415034377646	0.00000000000000000	0.05451952372606206	0.00000000000000000	0.05576551211710946	0.11573367018762935	0.00000000000000000	0.00000000000000000	0.01110675437822631	0.00000000000000000	0.00000000000000000	0.11954301867030155	0.00810319837479515	0.00000000000000000	0.00000000000000000	0.01283035445533005	1.10528021749138161
IMMU-BC2-1023-FIXT-01	0.00000000000000000	0.07517545037880237	0.00000000000000000	0.13813239848403391	0.00000000000000000	0.33771970234079068	0.00000000000000000	0.00000000000000000	0.13880969026782780	0.00000000000000000	0.07259024081844452	0.00000000000000000	0.03987153120078226	0.05785557862364011	0.00000000000000000	0.02028458374194605	0.00000000000000000	0.03897248947944704	0.00000000000000000	0.07790078086765906	0.00268755379662611	0.00000000000000000	0.00000000000000000	0.07919079175507668	1.08118742928021461
IMMU-BC2-1025-FIXT-01	0.01187580219729462	0.12489616609519684	0.00000000000000000	0.07757457538726167	0.00000000000000000	0.28877930452851586	0.00324505805713322	0.00000000000000000	0.21361088203934844	0.00000000000000000	0.01788265241375527	0.00000000000000000	0.05604418617507102	0.09153480961632605	0.00594425640337875	0.06255633991754057	0.00000000000000000	0.00000000000000000	0.00000000000000000	0.00000000000000000	0.04605596716917781	0.00000000000000000	0.00000000000000000	0.08660856245588458	1.06489917999387784
IMMU-BC2-1026-FIXT-01	0.00000000000000000	0.12240780838751728	0.00000000000000000	0.12562610842192615	0.00000000000000000	0.49987676289283323	0.00000000000000000	0.00000000000000000	0.12398478406128592	0.00000000000000000	0.01449033963215202	0.00000000000000000	0.02191125729957063	0.04248728923150110	0.02203894559173438	0.00557099186132828	0.00865775823601770	0.00000000000000000	0.00000000000000000	0.00000000000000000	0.00395420989839878	0.00899374448573447	0.00000000000000000	0.11587876217603593	1.08551966780801590
IMMU-BC2-1031-FIXT-01	0.00000000000000000	0.02644503994602212	0.00000000000000000	0.09098681917322592	0.00000000000000000	0.47538218831168400	0.00000000000000000	0.04118773414732281	0.14211540206516707	0.00000000000000000	0.01078974506754124	0.02925002483989480	0.02289944868355908	0.09494203774787305	0.00173788096833275	0.01423832799137421	0.00000000000000000	0.00000000000000000	0.00000000000000000	0.04777272266098209	0.00225262839702095	0.00000000000000000	0.00000000000000000	0.03436803315619464	1.12375422975852524
IMMU-BC2-1035-FIXT-01	0.00000000000000000	0.11984401631375909	0.00000000000000000	0.00000000000000000	0.02386224737242325	0.31819920509238830	0.00000000000000000	0.00000000000000000	0.23743936339228144	0.00289547922691331	0.02677585679336358	0.00000000000000000	0.03029150702588202	0.10188022090767246	0.06438653608035576	0.03802814154323644	0.00000000000000000	0.00000000000000000	0.00000000000000000	0.00000000000000000	0.03465465633347264	0.00174276991825176	0.00000000000000000	0.03502249896350926	1.08917421463736352
IMMU-BC2-1036-FIXT-01	0.00000000000000000	0.14280827684606337	0.00000000000000000	0.09922254474674275	0.00000000000000000	0.30661511011906645	0.00000000000000000	0.00000000000000000	0.23031351027184749	0.00000000000000000	0.00286931077462229	0.00000000000000000	0.04094633748071780	0.15898085233116491	0.00393955940779516	0.00334292862359863	0.00000000000000000	0.00000000000000000	0.00000000000000000	0.00595495616313819	0.00500661323524308	0.00000000000000000	0.00000000000000000	0.04439319285118551	1.09582168821534220
IMMU-BC2-1047-FIXT-01	0.00000000000000000	0.21599808779416219	0.00000000000000000	0.25876578652855331	0.00521692324305345	0.08323025913295617	0.00000000000000000	0.00000000000000000	0.27853920124104842	0.00000000000000000	0.00000000000000000	0.00200929775231622	0.05093861564438454	0.04766512432643148	0.00000000000000000	0.00000000000000000	0.00000000000000000	0.01943254709659782	0.00000000000000000	0.00000000000000000	0.02825840986375729	0.00994574737673919	0.00000000000000000	0.02608030397573501	1.10775544284715433
IMMU-BC2-1050-FIXT-01	0.00000000000000000	0.08210843173379100	0.00000000000000000	0.00031560763102252	0.00000000000000000	0.48395745766940318	0.00000000000000000	0.04003177014759706	0.19838966165140118	0.00000000000000000	0.07675311190067338	0.00000000000000000	0.01818322735037928	0.00000000000000000	0.00000000000000000	0.00309809328765105	0.00000000000000000	0.00049180179202028	0.00000000000000000	0.07294239527476509	0.02372844156129606	0.00000000000000000	0.00000000000000000	0.10624624237234470	1.08783668284303947
IMMU-BC2-1053-FIXT-01	0.00897377442192153	0.01948442112875942	0.01307129396445617	0.08671405829729645	0.00000000000000000	0.41703306710033367	0.00000000000000000	0.00000000000000000	0.22468101609304175	0.00000000000000000	0.00241796450638735	0.02857349180841204	0.02625431580726262	0.11340126587863739	0.00491125193043422	0.02918369444430094	0.00000000000000000	0.00542571946882842	0.00000000000000000	0.01651391648554498	0.00210889183379561	0.00125185683058762	0.00000000000000000	0.08313247049721617	1.09213314704299158
IMMU-BC2-1075-FIXT-01	0.00000000000000000	0.00275519080766696	0.00000000000000000	0.16985406766646796	0.00000000000000000	0.29329166488353414	0.00000000000000000	0.00000000000000000	0.14030815922976134	0.00000000000000000	0.01599840006977421	0.01198176322999376	0.05375835815399103	0.18451214025633628	0.03038787193334997	0.03498692075916203	0.00000000000000000	0.00943393793261329	0.00000000000000000	0.00000000000000000	0.05273152507734883	0.00000000000000000	0.00000000000000000	0.02217572812188135	1.10386694160957566
IMMU-BC2-1096-FIXT-01	0.00000000000000000	0.00000000000000000	0.01366675723360469	0.00000000000000000	0.00000000000000000	0.38564011424052952	0.00000000000000000	0.00000000000000000	0.21422890667569552	0.00000000000000000	0.00000000000000000	0.02844155432084346	0.06332902234622087	0.14830227818319236	0.00642721911863818	0.03775061668150664	0.00724736532533959	0.00000000000000000	0.00000000000000000	0.03503583944910563	0.05553797254993772	0.00439235387538588	0.00000000000000000	0.00209519637015350	1.10533258481187069
