Samples	CBSX__HNSCC__B_cells	CBSX__HNSCC__T_cells_CD8	CBSX__HNSCC__T_cells_CD4	CBSX__HNSCC__Macrophages	CBSX__HNSCC__Dendritic_cells	CBSX__HNSCC__Mast_cells	CBSX__HNSCC__Myocytes	CBSX__HNSCC__CAFs	CBSX__HNSCC__Endothelial_cells	CBSX__HNSCC__Malignant_cells
LUNG-NSCLC2-0553	0	0	0.11096045729595624	0.03964256356801937	0.05809933555560835	0	0	0.5006393313783408	0.29065831220207516	0
LUNG-NSCLC2-0560	0	0	0.05925796762963472	0.06631738959118118	0.07494177915639863	0	0	0.527538209663734	0.27194465395905143	0
LUNG-NSCLC2-0561	0	0	0	0	0.00335159789158899	0	0	0.15513990330928423	0.02467429836915041	0.8168342004299765
LUNG-NSCLC2-0563	0.00595904420911032	0	0.20322670568738943	0.04381512483582386	0.10354217917393392	0	0	0.3841909736530723	0.04873665632100053	0.21052931611966955
LUNG-NSCLC2-0565	8.295642233007e-5	0	0.33793341379124314	0.02531964283702974	0	0	0	0.48329266637816654	0.1533713205712305	0
LUNG-NSCLC2-0566	0.00354812273043302	0	0.3029086376953318	0.11683091319031268	0.2279923544444745	0	0	0.2788494982391122	0.0698704737003358	0
LUNG-NSCLC2-0567	7.8788147787108e-4	0	0.0961021682646974	0.04847715850701041	0.05358551317278424	0	0	0.5528598158251647	0.04261828606427961	0.20556917668819263
LUNG-NSCLC2-0568	0	0	0.05060077276631454	0.28196977003255763	0.05369372347614813	0	0	0.4132259954073794	0.20050973831760033	0
LUNG-NSCLC2-0569	0.00624677754712173	0	0.2593761156799777	0.2797008789569898	0.11859477533229	0	0	0.29392943469845545	0.04215201778516516	0
LUNG-NSCLC2-0571	0	0	0.12141317645101886	0.12747770236068537	0.10288211855096228	0	0	0.5109062339082729	0.13732076872906063	0
LUNG-NSCLC2-0572	0	0	0.05211624431808543	0.12330653367001372	0.03724123775839234	0.00793951758659737	0	0.3596243502701073	0.14192860413585037	0.2778435122609534
LUNG-NSCLC2-0576	0	0	0.37006584210823273	0.04704661947090127	0.1791914386897627	0	0	0.25554621469735683	0.14814988503374646	0
LUNG-NSCLC2-0580	0.00349733552881005	0	0.1475302398055337	0.0966316986487306	0.03270602996839522	0	0	0.48614524018591165	0.23348945586261863	0
LUNG-NSCLC2-0583	0.00132232075321014	0	0.11651409811559278	0.04126734618352804	0.05263639940795922	0	0	0.7030836259516612	0.02979624320497996	0.05537996638306876
LUNG-NSCLC2-0584	2.0178271221447e-4	0	0.11102345218841184	0.10070255153807302	0.06385407453768382	0	0	0.3539882323313799	0.37022990669223704	0
LUNG-NSCLC2-0585	0	0	0.11051295512335628	0.13499580846753292	0.15505462656226063	0	0	0.5247110092670771	0.07472560057977305	0
LUNG-NSCLC2-0587	0.02410951022130293	0	0.26840715205082233	0.1104043250032636	0.03450182872187167	0	0	0.2895871660340282	0.08831468108044213	0.184675336888269
LUNG-NSCLC2-0588	0	0	0.110760521464742	0.05002061505834493	0	0.00838566480554283	0	0.5562974082933598	0.27453579037801046	0
LUNG-NSCLC2-0590	0	0	0.16128973207513658	0.16421230468524978	0.1903833123169552	0	0	0.3334697240136165	0.150644926909042	0
LUNG-NSCLC2-0592	0.00297557453151375	0	0.14451753811142676	0.5639362586571511	0.06694094840163754	0	0	0.1512717943690066	0.07035788592926435	0
LUNG-NSCLC2-0593	0	0	0.19354193287258992	0.07293827142228855	0.02601533007064404	0.00235572971723006	0	0.5558027392343531	0.1493459966828942	0
LUNG-NSCLC2-0595	0.00666615779569546	0	0.20544824081742272	0.2566477452761236	0.05942982750646435	0	0	0.3717525517481622	0.10005547685613168	0
LUNG-NSCLC2-0596	0	0	0.16792951842237025	0.14303205368194863	0.06908852925219316	0	0	0.5581539368471528	0.06179596179633527	0
LUNG-NSCLC2-0599	0	0	0.10827325037504984	0.24573362057454057	0.06987061596146518	0	0	0.3839232687864217	0.1921992443025229	0
LUNG-NSCLC2-0602	0	0	0.24166903374854007	0.2432445739553107	0.02139768743333113	0.0034416658067095	0	0.4526249933510096	0.03762204570509893	0
LUNG-NSCLC2-0603	7.9810966819868e-4	0	0.11623780097087068	0.18140876534645264	0.0567407044963153	0	0	0.4918271500410616	0.15298746947710107	0
LUNG-NSCLC2-0607	0	0	0.11650555458126	0	0.2680988078673833	0	0	0.6153956375513567	0	0
LUNG-NSCLC2-0608	0	0	0.1312127088519012	0.27144116436522886	0.04418136103246372	0	0	0.4173072988773981	0.13585746687300815	0
LUNG-NSCLC2-0610	0	0	0.10806058257262618	0.11557532687600924	0.00984786032150674	0	0	0.5794745775773831	0.18704165265247483	0
LUNG-NSCLC2-0611	2.2056272153799e-4	0	0.07801767421583251	0.09516298242629556	0.22490996656241807	0	0	0.4425723744242871	0.1591164396496287	0
LUNG-NSCLC2-0612	0	0	0.07140693880191212	0	0.02450064572759961	0	0	0.7767936210225882	0.12729879444790013	0
LUNG-NSCLC2-0613	5.343315681686e-5	0	0.01733548671805938	0	0.00440108179166512	0	0	0.18405751173515003	0.01648257348120942	0.7776699131170993
LUNG-NSCLC2-0614	0	0	0.12575343194756222	0.21769090330543367	0.07267010655978585	0	0	0.4918938938756446	0.06974645452517328	0.02224520978640029
LUNG-NSCLC2-0617	0.00602664983496579	0	0.11656330213239643	0.03622113179221603	0.06027777922641549	0	0	0.38841640628875534	0.04636540410700218	0.34612932661824874
LUNG-NSCLC2-0622	0	0	0.17616036307148472	0.37548553642876087	0.10108439969924708	0	0	0.27591547701867986	0.07135422378182743	0
LUNG-NSCLC2-0623	0	0	0.15525588988311698	0.08790384215402015	0.00299199024051197	0.00187921429704589	0	0.7109525352028137	0.04101652822249151	0
LUNG-NSCLC2-0630	6.2760008205525e-4	0	0.16750860807438417	0.1574854358346536	0.08251285235057254	0	0	0.4362590043297346	0.1556064993285999	0
LUNG-NSCLC2-0631	0	0	0.2692724629799462	0.14220170500215157	0.11644164650474412	0	0	0.41703555826462074	0.0550486272485373	0
LUNG-NSCLC2-0632	0.00578902181270297	0	0.20633781287402336	0.13413952202460286	0.18339169981287912	0	0	0.3843819251650537	0.08596001831073806	0
LUNG-NSCLC2-0633	0	0	0.20271433461751528	0.34504845579213367	0	0	0	0.3402556103590867	0.11198159923126429	0
LUNG-NSCLC2-0635	0.00381836151638697	0	0.06913704589814718	0	0.03706892245230119	0	0	0.6269348541245053	0.26304081600865925	0
LUNG-NSCLC2-0636	0	0	0.1273805887109129	0.279909660147009	0	0	0	0.5289325122944776	0.0637772388476005	0
LUNG-NSCLC2-0641	0	0	0.08231287654790063	0.08708336261011765	0	0.00296415456056252	0	0.7196738059996405	0.10796580028177873	0
LUNG-NSCLC2-0648	0	0	0.09367129240064706	0.20761589989353849	0.01789050663034615	0	0	0.4205573247136093	0.2602649763618592	0
LUNG-NSCLC2-0652	0	0	0.09444507484774768	0.184173831548509	0.02456702541790689	0	0	0.5212501213314644	0.17556394685437204	0
LUNG-NSCLC2-0657	0	0	0.28070305038283105	0.23644480647243565	0.0118452032286393	0	0	0.36330618747433624	0.10770075244175772	0
LUNG-NSCLC2-0660	0.00151063061352821	0	0.2823164736779606	0.13776022193710724	0.07006610698030111	0	0	0.36502267519680026	0.14332389159430262	0
LUNG-NSCLC2-0665	0	0	0.1106752507357346	0.2713549341859084	0.08300738797374092	0	0	0.36611927439681746	0.16884315270779865	0
LUNG-NSCLC2-0672	0.00150169911389978	0	0.20432329120730447	0.18240814018346008	6.2458055068579e-4	0	0	0.3817990386599951	0.00874559533697986	0.22059765494767472
LUNG-NSCLC2-0677	0.00984719006994781	0.05561217092402707	0.21324432579610647	0.15275307355063727	0.1216576896350038	0	0	0.24849726956802728	0.19626961012292685	0.00211867033332361
LUNG-NSCLC2-0678	0	0	0.11474412639900208	0.11520095098619068	0	0	0	0.7065147807033229	0.06354014191148437	0
LUNG-NSCLC2-0679	0.02200431676929034	0	0.2661207966119927	0.23420753997938157	0.04143188071460506	0	0	0.3058374468953365	0.13039801902939385	0
LUNG-NSCLC2-0680	0	0	0.21986358590900865	0.1284645151351739	0.06066558255549672	0	0	0.5910063164003208	0	0
LUNG-NSCLC2-0683	0	0	0.09490641663589976	0.19582668260054584	0.06298551431599804	0	0	0.4301253448750611	0.21615604157249535	0
LUNG-NSCLC2-0685	0	0	0.14495772107437785	0.1741843561494941	0.06099949234541029	0.01141458244887473	0	0.4978180312678629	0.11062581671398015	0
LUNG-NSCLC2-0687	0	0	0.09340735513589953	0.17651308982313726	0.04794685380650439	0	0	0.5391129331952723	0.14301976803918648	0
LUNG-NSCLC2-0689	0	0	0.06621584976295858	0.12077625619473216	0.03247759306897768	0	0	0.4186450029294092	0.3618852980439222	0
LUNG-NSCLC2-0695	0	0	0.08747348145231608	0.01958217032438277	0.099793058199367915	0	0	0.3486189645425373	0.44453232548139593	0
LUNG-NSCLC2-0696	0	0	0.14018831629995937	0.14177153765740133	0.00892193737478076	0.00141400897325415	0	0.5484150332874549	0.15928916640714957	0
LUNG-NSCLC2-0698	3.2675259840571e-4	0	0.31383773116899616	0.15944319694941475	0.0074726913141132	0	0	0.4001420173455197	0.11877761062355063	0
LUNG-NSCLC2-0702	0	0	0	0	0.2648912877745591	0	0	0.5057970498168508	0.22931166240859	0
LUNG-NSCLC2-0704	0	0	0	0.08019180702457787	0.03799470934211633	0	0	0.698794711574084	0.1830187720592217	0
LUNG-NSCLC2-0705	0	0	0.16268293931762326	0.11704676442372532	9.1438659283701e-4	0	0	0.6388172637862982	0.08053864587951626	0
LUNG-NSCLC2-0707	0	0	0.1315359417326504	0.37548286922873986	0	0	0	0.3105611441324833	0.18242004490612648	0
LUNG-NSCLC2-0709	1.178394627259e-4	0	0.1404343912063836	0.03494637522139783	0.11454612913229426	0.00183109069599133	0	0.5818757712876194	0.12624840299358772	0
LUNG-NSCLC2-0711	0.00444373037021369	0	0.21440480747567872	0.08825228143428271	0.06261640550632548	0	0	0.4896206914721809	0.06452132987982491	0.07614075386149356
LUNG-NSCLC2-0712	0	0	0.0642057737539827	0.07669838159756351	0.08459181909525035	0	0	0.6034044411893105	0.17109958436389291	0
LUNG-NSCLC2-0713	9.2305441191608e-4	0	0.2059986236886982	0.12865350675937504	0.00975761995352095	0	0	0.6160466430113859	0.03862055217510379	0
LUNG-NSCLC2-0714	0	0	0.09124911092412534	0.17307664819322333	0.0862901419843	0	0	0.5211021353980755	0.12828196350027585	0
LUNG-NSCLC2-0715	0	0	0.16713653619763727	0.12995411231259205	0	8.1522926933225e-4	0	0.4968367631891288	0.20525735903130973	0
LUNG-NSCLC2-0717	4.2511424156472e-4	0	0	0	0.18888961839130497	0	0	0.47103413122423937	0.08288347477577761	0.2567676613671134
LUNG-NSCLC2-0718	0.00135141626414909	0	0.07154308121774819	0.2969730371103358	0	0	0	0.5428655607085436	0.0872669046992233	0
LUNG-NSCLC2-0720	0	0	0.18423936215420625	0.13107189015545828	0.08299180659615371	0	0	0.4482251626230695	0.15347177847111235	0
LUNG-NSCLC2-0727	0	0	0.09225710788862988	0.17268827093022926	0.01742890033982392	0	0	0.5476952563910437	0.16993046445027335	0
LUNG-NSCLC2-0728	0.0015917959509397	0	0.1908827582964832	0.19683418287256493	0.02247266457347686	0	0	0.38691829812953665	0.20130030017699865	0
LUNG-NSCLC2-0729	0	0	0.11101151058564812	0.07586832186894903	0.00991445149820053	0	0	0.5154024389974933	0.28780327704970904	0
LUNG-NSCLC2-0730	0.00240920508807794	0	0.05062185179003346	0.09339475640018244	0	0.01880758566956612	0	0.6421417361692254	0.1926248648829146	0
LUNG-NSCLC2-0732	5.2646990006707e-4	0	0.1778618566484241	0.12977723307327751	0.12125511149447878	0	0	0.4572837658712596	0.11329556301249276	0
LUNG-NSCLC2-0733	3.8743426257652e-4	0	0.19100124730007703	0.09419246473679992	0	0	0	0.6816527212697904	0.03276613243075616	0
LUNG-NSCLC2-0734	0	0	0.30839146377094373	0.3018247185423709	0	0.00389719492081935	0	0.22602710371310372	0.15985951905276216	0
LUNG-NSCLC2-0736	0	0	0.05352243160425586	0.152973196880686	0.00604008114562936	0	0	0.5406728681179699	0.24679142225145895	0
LUNG-NSCLC2-0737	0	0	0.02351713530689263	0.1817820067168829	0.03789922645489477	0	0	0.5630086191781342	0.19379301234319557	0
LUNG-NSCLC2-0738	0.0027877449859342	0	0.1201892363353531	0.0769502049588331	0.11735914850944536	0	0	0.49179277924720993	0.0405338605272848	0.15038702543593968
LUNG-NSCLC2-0740	0	0	0.2196047749029282	0.01216926467487013	0.00737495514428603	0	0	0.5980003890285367	0.1628506162493789	0
LUNG-NSCLC2-0742	0.00204534254594971	0	0.1379334220840005	0.14670968986310637	0.03330240751561774	0	0	0.5729597717937556	0.10704936619757026	0
LUNG-NSCLC2-0743	0	0	0.08155056777742849	0.2743816309946116	0	0	0	0.4395901591912922	0.20447764203666768	0
