Mixture	B.cells	Macrophages.M1	Macrophages.M2	Monocytes	Neutrophils	NK.cells	T.cells.CD4	T.cells.CD8	Tregs	Dendritic.cells	P-value	Correlation	RMSE
IMMU-BC3-0099	0.00000000000000000	0.00964477977402942	0.00000000000000000	0.00000000000000000	0.00000000000000000	0.00000000000000000	0.47403513166415218	0.00000000000000000	0.40472613182496869	0.11159395673684978	0.00000000000000000	0.02637925971063565	1.07476699051378888
IMMU-BC3-0101	0.00000000000000000	0.00000000000000000	0.00000000000000000	0.00000000000000000	0.00000000000000000	0.00000000000000000	0.24921049204531093	0.20658040359051938	0.08201044687520881	0.46219865748896077	0.00000000000000000	-0.03919688579966481	1.08158297543329440
IMMU-BC3-0109	0.00000000000000000	0.00000000000000000	0.00000000000000000	0.00000000000000000	0.00000000000000000	0.00000000000000000	0.24349042124159515	0.19440516376978059	0.20309871269833682	0.35900570229028739	0.00000000000000000	-0.02001077262973446	1.07012356853233404
IMMU-BC3-0111	0.00000000000000000	0.14834890868803488	0.00000000000000000	0.00000000000000000	0.00000000000000000	0.00000000000000000	0.37992064048266050	0.06334551484725709	0.00000000000000000	0.40838493598204739	0.00000000000000000	-0.06008782881619192	1.08801989611471028
IMMU-BC3-0113	0.00000000000000000	0.00000000000000000	0.00000000000000000	0.00000000000000000	0.00000000000000000	0.00000000000000000	0.00000000000000000	0.42141225427243267	0.22200698365131633	0.35658076207625095	0.00000000000000000	-0.00445113297967922	1.10025799481072628
IMMU-BC3-0119	0.00000000000000000	0.00000000000000000	0.00000000000000000	0.00000000000000000	0.00000000000000000	0.00000000000000000	1.00000000000000000	0.00000000000000000	0.00000000000000000	0.00000000000000000	0.00000000000000000	0.13599760116072104	1.03998278609964023
IMMU-BC3-0124	0.00000000000000000	0.25925452541088562	0.00000000000000000	0.00000000000000000	0.00000000000000000	0.00000000000000000	0.04214130417559524	0.21387487707763830	0.29182050584513691	0.19290878749074400	0.00000000000000000	-0.07047632219541287	1.12010443470755860
IMMU-BC3-0126	0.00000000000000000	0.00000000000000000	0.00000000000000000	0.00000000000000000	0.00000000000000000	0.02035247142046358	0.00000000000000000	0.28613782327336978	0.22306430284886655	0.47044540245729999	0.00000000000000000	-0.01654081099004136	1.08633281002803361
IMMU-BC3-0138	0.00000000000000000	0.00098900160830187	0.00922532290856137	0.02042769834663031	0.00368050559041025	0.00000000000000000	0.96567747154609618	0.00000000000000000	0.00000000000000000	0.00000000000000000	0.00000000000000000	0.12974054697492740	1.03709669109891522
IMMU-BC3-0139	0.00000000000000000	0.04458288751786318	0.00000000000000000	0.00000000000000000	0.00000000000000000	0.00000000000000000	0.00000000000000000	0.09056253364048254	0.41427307492773557	0.45058150391391866	0.00000000000000000	-0.02629306563415968	1.08288833439461163
IMMU-BC3-0147	0.00000000000000000	0.00000000000000000	0.00070538164511920	0.00000000000000000	0.00000000000000000	0.00000000000000000	0.51309091236793791	0.21065876884788196	0.00000000000000000	0.27554493713906092	0.00000000000000000	-0.01511920187119603	1.06760304221181435
IMMU-BC3-0152	0.00000000000000000	0.14317115287153678	0.00000000000000000	0.00000000000000000	0.00000000000000000	0.00000000000000000	0.57698415624358979	0.01485278900262114	0.00000000000000000	0.26499190188225230	0.00000000000000000	0.00352220822962756	1.05709139329711932
IMMU-BC3-0154	0.00000000000000000	0.08230943070067226	0.00000000000000000	0.00000000000000000	0.00000000000000000	0.00000000000000000	0.60523906878500788	0.00000000000000000	0.00000000000000000	0.31245150051431980	0.00000000000000000	0.01781222263187591	1.05005426357636500
IMMU-BC3-0154	0.00000000000000000	0.03252732161560998	0.00000000000000000	0.00000000000000000	0.00000000000000000	0.00000000000000000	0.96747267838439011	0.00000000000000000	0.00000000000000000	0.00000000000000000	0.00000000000000000	0.12757981139565433	1.03744024885550079
IMMU-BC3-0155	0.00000000000000000	0.23240967404094326	0.00000000000000000	0.00000000000000000	0.00000000000000000	0.00000000000000000	0.00000000000000000	0.23375741945510090	0.36333056843308414	0.17050233807087173	0.00000000000000000	-0.04961174677831982	1.10929611205646506
IMMU-BC3-0165	0.00000000000000000	0.08167138701061917	0.00000000000000000	0.24257294372277963	0.00000000000000000	0.00000000000000000	0.67575566926660124	0.00000000000000000	0.00000000000000000	0.00000000000000000	0.00000000000000000	-0.01665840200788425	1.06508800906502898
IMMU-BC3-0168	0.03319534105189310	0.10438162949288572	0.00000000000000000	0.00000000000000000	0.00000000000000000	0.00000000000000000	0.30210617039724791	0.13887976656129267	0.15540432059679307	0.26603277189988744	0.00000000000000000	-0.03827800797562473	1.06363105764076993
IMMU-BC3-0171	0.00000000000000000	0.03380875333143901	0.00000000000000000	0.00000000000000000	0.00000000000000000	0.00000000000000000	0.58208956542750190	0.09127470404801992	0.00000000000000000	0.29282697719303913	0.00000000000000000	0.01708087691393544	1.04900717007347710
IMMU-BC3-0177	0.14324702688498436	0.01688241724464194	0.00000000000000000	0.00000000000000000	0.00000000000000000	0.00000000000000000	0.00000000000000000	0.24042239151813841	0.14294577303244496	0.45650239131979020	0.00000000000000000	-0.00125501957191035	1.07334884430141586
IMMU-BC3-0181	0.00000000000000000	0.11848586594312843	0.00000000000000000	0.00000000000000000	0.00000000000000000	0.00000000000000000	0.76447687027604172	0.05144616473967878	0.00000000000000000	0.06559109904115105	0.00000000000000000	0.03890276164632030	1.05004257610790575
IMMU-BC3-0187	0.00000000000000000	0.08858774192903288	0.24276148990803437	0.00000000000000000	0.00000000000000000	0.00000000000000000	0.44839327069053359	0.00000000000000000	0.00000000000000000	0.22025749747239917	0.00000000000000000	-0.03742348349833603	1.08049609307937478
IMMU-BC3-0188	0.00000000000000000	0.01051755639002326	0.00000000000000000	0.00000000000000000	0.00000000000000000	0.00000000000000000	0.00000000000000000	0.26980568824001355	0.56578845422137425	0.15388830114858906	0.00000000000000000	-0.00441227577897222	1.10218631665759381
IMMU-BC3-0189	0.03097157188680891	0.14084255846211946	0.00000000000000000	0.00000000000000000	0.00000000000000000	0.00000000000000000	0.19360639663011472	0.03067149189416206	0.38131766435530251	0.22259031677149230	0.00000000000000000	0.02960640649430421	1.05487949299318817
IMMU-BC3-0190	0.11501030928799985	0.07613619572696645	0.00000000000000000	0.00000000000000000	0.00000000000000000	0.00000000000000000	0.00000000000000000	0.37649005068359670	0.13085871318579281	0.30150473111564419	0.00000000000000000	-0.06847967477568037	1.10714806098058771
IMMU-BC3-0198	0.00000000000000000	0.18341381398866141	0.00000000000000000	0.00000000000000000	0.00000000000000000	0.00000000000000000	0.00000000000000000	0.02192712158617392	0.58804229731223312	0.20661676711293159	0.00000000000000000	0.05855407658239831	1.06989845667444450
IMMU-BC3-0199	0.00000000000000000	0.35545954489401432	0.00000000000000000	0.00000000000000000	0.00000000000000000	0.00000000000000000	0.00000000000000000	0.38574099215203550	0.18344933439716282	0.07535012855678741	0.00000000000000000	-0.03916878929940978	1.16519972762931023
IMMU-BC3-0200	0.00000000000000000	0.00000000000000000	0.07983764135939411	0.00000000000000000	0.00000000000000000	0.00000000000000000	0.00000000000000000	0.46995477430887700	0.06622036390131809	0.38398722043041078	0.00000000000000000	-0.00298597606860931	1.10903367568017774
IMMU-BC3-0204	0.03553182392522608	0.08149082225519404	0.01900030469036426	0.03160515691805747	0.07293391056316918	0.00000000000000000	0.70163838337214501	0.04653821678303673	0.01126138149280723	0.00000000000000000	0.00000000000000000	0.05364454540543376	1.03622511151363206
IMMU-BC3-0212	0.00000000000000000	0.00611854907905690	0.00000000000000000	0.00000000000000000	0.00000000000000000	0.00000000000000000	0.69479596302807201	0.08899937008218109	0.00000000000000000	0.21008611781068989	0.00000000000000000	-0.00828383786857471	1.06139845542073163
IMMU-BC3-0220	0.00000000000000000	0.00000000000000000	0.00000000000000000	0.00000000000000000	0.00000000000000000	0.00000000000000000	0.01823356479239883	0.28741266111545272	0.42049505717016161	0.27385871692198693	0.00000000000000000	-0.00102140162728047	1.08492501581825729
IMMU-BC3-0221	0.00000000000000000	0.00000000000000000	0.05503646618772712	0.00000000000000000	0.00000000000000000	0.00000000000000000	0.35048390486534958	0.16568498930987594	0.00000000000000000	0.42879463963704728	0.00000000000000000	0.00095806523853510	1.06136810447256180
IMMU-BC3-0222	0.00000000000000000	0.11836966212504728	0.00000000000000000	0.00000000000000000	0.00000000000000000	0.00000000000000000	0.57109733333887192	0.01020869620425336	0.00000000000000000	0.30032430833182755	0.00000000000000000	0.01428193940149207	1.05236263982092781
IMMU-BC3-0230	0.03335842976299863	0.02228247917606968	0.00000000000000000	0.00000000000000000	0.00000000000000000	0.00000000000000000	0.86814000751582898	0.06164506457723323	0.00000000000000000	0.01457401896786960	0.00000000000000000	0.07401497245837158	1.04972476849284635
IMMU-BC3-0233	0.00000000000000000	0.16472818906453263	0.00000000000000000	0.00000000000000000	0.00000000000000000	0.00000000000000000	0.32478588141410786	0.51048592952135952	0.00000000000000000	0.00000000000000000	0.00000000000000000	0.02629195930773023	1.11663682673199727
IMMU-BC3-0234	0.00000000000000000	0.00000000000000000	0.00000000000000000	0.00000000000000000	0.00000000000000000	0.00000000000000000	0.80237437023680869	0.03539630683638167	0.00000000000000000	0.16222932292680955	0.00000000000000000	0.10505128745253187	1.03287000274239071
IMMU-BC3-0235	0.00000000000000000	0.00000000000000000	0.04074847573552558	0.00000000000000000	0.00000000000000000	0.00000000000000000	0.70499213211341261	0.05726203504103151	0.00000000000000000	0.19699735711003022	0.00000000000000000	0.05814210214129651	1.03959105081467551
IMMU-BC3-0238	0.00000000000000000	0.00761009391593335	0.00000000000000000	0.00000000000000000	0.00000000000000000	0.00000000000000000	0.85519541039162017	0.00920296283349931	0.00000000000000000	0.12799153285894707	0.00000000000000000	0.06687919424639908	1.04703935323889596
IMMU-BC3-0239	0.00000000000000000	0.23893283953625397	0.00000000000000000	0.00000000000000000	0.00000000000000000	0.00000000000000000	0.38867414443639559	0.00000000000000000	0.00000000000000000	0.37239301602735042	0.00000000000000000	-0.03209313231689087	1.10158033136464550
IMMU-BC3-0240	0.00000000000000000	0.00000000000000000	0.00000000000000000	0.01380774220570662	0.00000000000000000	0.00000000000000000	0.85913817931645964	0.12705407847783370	0.00000000000000000	0.00000000000000000	0.00000000000000000	0.04220975565743310	1.06745069634223655
IMMU-BC3-0241	0.00000000000000000	0.00000000000000000	0.00000000000000000	0.04316602144441659	0.00000000000000000	0.00000000000000000	0.56213626572836783	0.26344961743728823	0.00000000000000000	0.13124809538992738	0.00000000000000000	0.00256922282053149	1.07099472747000424
IMMU-BC3-0251	0.00000000000000000	0.09471064263228327	0.00000000000000000	0.00000000000000000	0.00000000000000000	0.00000000000000000	0.84465869812424987	0.02395161827864593	0.00000000000000000	0.03667904096482096	0.00000000000000000	0.08688467927164170	1.03928261445284709
IMMU-BC3-0251	0.00000000000000000	0.12559581179864956	0.00000000000000000	0.00000000000000000	0.00000000000000000	0.00000000000000000	0.62390978231682392	0.01733812407085455	0.00000000000000000	0.23315628181367201	0.00000000000000000	0.02528821228885356	1.04823105314232667
IMMU-BC3-0255	0.00000000000000000	0.00000000000000000	0.00000000000000000	0.00000000000000000	0.00000000000000000	0.00000000000000000	0.63987892546089276	0.15209496031465666	0.00000000000000000	0.20802611422445044	0.00000000000000000	0.08559108319324485	1.03586163374675477
IMMU-BC3-0256	0.00000000000000000	0.13686671811111623	0.00000000000000000	0.00000000000000000	0.00000000000000000	0.00000000000000000	0.00000000000000000	0.19683807070942877	0.17803102960816297	0.48826418157129203	0.00000000000000000	-0.06936455215761385	1.10799695316157054
IMMU-BC3-0262	0.00000000000000000	0.00000000000000000	0.02303548689556491	0.00000000000000000	0.00000000000000000	0.00000000000000000	0.00000000000000000	0.20676863108072230	0.53908305959686642	0.23111282242684639	0.00000000000000000	0.01774534118529804	1.07894992017432867
IMMU-BC3-0263	0.00000000000000000	0.00000000000000000	0.00000000000000000	0.00315595539876349	0.00116784656430431	0.00000000000000000	0.00000000000000000	0.61755082999928446	0.37304593719007101	0.00507943084757682	0.00000000000000000	0.05862099054676521	1.14655100364029350
IMMU-BC3-0263	0.00000000000000000	0.00000000000000000	0.00000000000000000	0.00000000000000000	0.00000000000000000	0.00000000000000000	0.75816655535662503	0.24183344464337497	0.00000000000000000	0.00000000000000000	0.00000000000000000	0.06773971244413128	1.06613340284604163
IMMU-BC3-0267	0.00000000000000000	0.00000000000000000	0.00000000000000000	0.00000000000000000	0.00000000000000000	0.00000000000000000	0.65615565516987895	0.00000000000000000	0.00000000000000000	0.34384434483012111	0.00000000000000000	0.02128808356792805	1.05297568867824465
IMMU-BC3-0269	0.00000000000000000	0.05634239293684502	0.00000000000000000	0.00000000000000000	0.00000000000000000	0.00000000000000000	0.81288693280026936	0.00000000000000000	0.00000000000000000	0.13077067426288563	0.00000000000000000	0.07922606121248894	1.03761450405722178
IMMU-BC3-0272	0.00000000000000000	0.04544084436580613	0.00000000000000000	0.00000000000000000	0.00000000000000000	0.00000000000000000	0.65964041334074630	0.04276807717604149	0.00000000000000000	0.25215066511740597	0.00000000000000000	-0.01888652752917521	1.05922036899019645
IMMU-BC3-0273	0.00000000000000000	0.06387892024168064	0.00000000000000000	0.00000000000000000	0.00000000000000000	0.00000000000000000	0.00000000000000000	0.31466647596514530	0.12003293552627783	0.50142166826689616	0.00000000000000000	0.01581409984247224	1.08133683164595262
IMMU-BC3-0274	0.00000000000000000	0.44849237501844869	0.00000000000000000	0.00000000000000000	0.02439461893499130	0.00000000000000000	0.00000000000000000	0.13298324400900766	0.39412976203755240	0.00000000000000000	0.00000000000000000	-0.02289944183699377	1.18268557064287516
IMMU-BC3-0275	0.00000000000000000	0.00000000000000000	0.00000000000000000	0.00000000000000000	0.00000000000000000	0.00000000000000000	0.00000000000000000	0.37948737495058799	0.20685642792631839	0.41365619712309354	0.00000000000000000	-0.03219421504512131	1.10438438508887060
IMMU-BC3-0275	0.00000000000000000	0.18987359600400408	0.00000000000000000	0.00000000000000000	0.00000000000000000	0.00000000000000000	0.01961144041101825	0.29785985303416246	0.00000000000000000	0.49265511055081523	0.00000000000000000	-0.07026517297494146	1.13858051835028218
IMMU-BC3-0276	0.00000000000000000	0.04610701711742432	0.00000000000000000	0.02894296867817600	0.00000000000000000	0.00000000000000000	0.87987230566685193	0.04507770853754783	0.00000000000000000	0.00000000000000000	0.00000000000000000	0.06683817802092386	1.05007617960680055
IMMU-BC3-0278	0.00000000000000000	0.00011262616002367	0.00000000000000000	0.00000000000000000	0.00000000000000000	0.00000000000000000	0.00000000000000000	0.14922519783695706	0.46165133430314781	0.38901084169987149	0.00000000000000000	-0.02631041550832662	1.08622571093235232
IMMU-BC3-0281	0.00000000000000000	0.00000000000000000	0.00000000000000000	0.00000000000000000	0.00000000000000000	0.00000000000000000	0.00000000000000000	0.00000000000000000	0.91903463444929145	0.08096536555070860	0.00000000000000000	0.13281427528326689	1.09013649975705929
IMMU-BC3-0281	0.09641117892251186	0.08399853584875989	0.00000000000000000	0.00000000000000000	0.00000000000000000	0.00000000000000000	0.55856662281549307	0.03443005330553835	0.08754895790290494	0.13904465120479187	0.00000000000000000	0.11577554623553736	1.01813650186437887
IMMU-BC3-0286	0.00000000000000000	0.02219527830806517	0.00000000000000000	0.00000000000000000	0.00000000000000000	0.00000000000000000	0.30393724590697646	0.18979513740124232	0.18440859050860756	0.29966374787510858	0.00000000000000000	0.00197013451649513	1.05945857161736767
IMMU-BC3-0291	0.00493739318365982	0.06899618285658148	0.00000000000000000	0.00000000000000000	0.00000000000000000	0.00000000000000000	0.35802315489256481	0.21300725489706432	0.00000000000000000	0.35503601417012959	0.00000000000000000	0.00923430001664931	1.05797330215773244
IMMU-BC3-0296	0.00000000000000000	0.05472496092188918	0.00000000000000000	0.00000000000000000	0.00000000000000000	0.00000000000000000	0.84141129093682587	0.00000000000000000	0.00000000000000000	0.10386374814128500	0.00000000000000000	0.06445463973243988	1.04428514796425076
IMMU-BC3-0299	0.00137585932962574	0.00000000000000000	0.00000000000000000	0.00000000000000000	0.00000000000000000	0.00000000000000000	0.57133523978337786	0.12827424372907911	0.14826030161077761	0.15075435554713959	0.00000000000000000	0.19844901091332864	1.00263803492760362
IMMU-BC3-0307	0.00000000000000000	0.14192534304661650	0.00000000000000000	0.00000000000000000	0.00000000000000000	0.00000000000000000	0.00000000000000000	0.00000000000000000	0.07620019961174054	0.78187445734164296	0.00000000000000000	-0.05941229887452226	1.16912797746244457
IMMU-BC3-0315	0.00000000000000000	0.00000000000000000	0.00000000000000000	0.00000000000000000	0.00000000000000000	0.00000000000000000	0.00000000000000000	0.20571973466680057	0.35856977179403610	0.43571049353916336	0.00000000000000000	0.00490732510967089	1.07337324563868042
IMMU-BC3-0321	0.00000000000000000	0.05311178037058726	0.00000000000000000	0.00000000000000000	0.00000000000000000	0.00000000000000000	0.50753862227228930	0.00000000000000000	0.15366239869128262	0.28568719866584069	0.00000000000000000	0.04816260309695487	1.04171656857092310
IMMU-BC3-0322	0.00000000000000000	0.00000000000000000	0.00000000000000000	0.00000000000000000	0.00000000000000000	0.00000000000000000	0.61853905193363079	0.00000000000000000	0.10785741647272647	0.27360353159364281	0.00000000000000000	0.05075741683973306	1.04497068077435507
IMMU-BC3-0325	0.00000000000000000	0.00000000000000000	0.00000000000000000	0.43530672626032269	0.00000000000000000	0.00000000000000000	0.21286902850291106	0.35182424523676625	0.00000000000000000	0.00000000000000000	0.00000000000000000	0.01605284409238733	1.09412153242134602
IMMU-BC3-0332	0.02867152858498428	0.00000000000000000	0.01555653180572098	0.00000000000000000	0.00000000000000000	0.00000000000000000	0.00000000000000000	0.56254905206592565	0.05178242189435828	0.34144046564901076	0.00000000000000000	-0.03087660914428687	1.14505432414189889
IMMU-BC3-0338	0.00000000000000000	0.00000000000000000	0.00000000000000000	0.00000000000000000	0.00000000000000000	0.00000000000000000	0.00000000000000000	0.16657087324190639	0.24947340257237366	0.58395572418571995	0.00000000000000000	0.01189307711107313	1.07792351976015133
IMMU-BC3-0341	0.00000000000000000	0.18622396738735639	0.00000000000000000	0.00000000000000000	0.00000000000000000	0.00000000000000000	0.42674189119639516	0.05085308816596694	0.13559777230730127	0.20058328094298025	0.00000000000000000	-0.00939305957903741	1.06628084918820698
IMMU-BC3-0352	0.00000000000000000	0.03105202896203240	0.00000000000000000	0.00000000000000000	0.00000000000000000	0.00000000000000000	0.14816518902424688	0.00000000000000000	0.10300130366163095	0.71778147835208983	0.00000000000000000	-0.00196071411654849	1.10360077856429117
IMMU-BC3-0357	0.00000000000000000	0.04870468005836390	0.00000000000000000	0.00000000000000000	0.00000000000000000	0.00000000000000000	0.67351016535767561	0.27778515458396058	0.00000000000000000	0.00000000000000000	0.00000000000000000	0.06409949918507657	1.06253603196893609
IMMU-BC3-0361	0.00000000000000000	0.06921248455590828	0.00000000000000000	0.00000000000000000	0.00000000000000000	0.00000000000000000	0.35273090836913834	0.23050153782669910	0.00000000000000000	0.34755506924825424	0.00000000000000000	-0.01173071935864953	1.06661083879132135
IMMU-BC3-0376	0.06750544232970737	0.26618559364913413	0.00000000000000000	0.00000000000000000	0.00172002070814179	0.00000000000000000	0.00000000000000000	0.27131236411291765	0.14598271581006211	0.24729386339003684	0.00000000000000000	-0.04541492670226865	1.11411710458365754
IMMU-BC3-0381	0.04659855829861302	0.00000000000000000	0.00000000000000000	0.00000000000000000	0.00000000000000000	0.00000000000000000	0.27600228136948779	0.27920885533650769	0.10942465883880191	0.28876564615658956	0.00000000000000000	-0.01229296947358062	1.07054137052479192
IMMU-BC3-0382	0.00000000000000000	0.00000000000000000	0.00000000000000000	0.00000000000000000	0.00000000000000000	0.00000000000000000	0.00000000000000000	0.02155334230749886	0.01570126234314937	0.96274539534935166	0.00000000000000000	-0.06959987872018841	1.20111041295284471
IMMU-BC3-0389	0.00000000000000000	0.00000000000000000	0.00000000000000000	0.00000000000000000	0.00257952289708699	0.00000000000000000	0.45285089188489702	0.26763996550172725	0.24332471824666088	0.03360490146962782	0.00000000000000000	0.03776761596772554	1.07734210095713245
IMMU-BC3-0390	0.00000000000000000	0.06926020012624584	0.00000000000000000	0.00000000000000000	0.00000000000000000	0.00000000000000000	0.00000000000000000	0.51133379219164965	0.12348653301107250	0.29591947467103197	0.00000000000000000	-0.00229206577073724	1.11628243119539050
IMMU-BC3-0393	0.00867695245637396	0.06773957389100536	0.00000000000000000	0.00000000000000000	0.00000000000000000	0.00000000000000000	0.00000000000000000	0.13444208281517228	0.44365221400300103	0.34548917683444730	0.00000000000000000	-0.03051270417529784	1.08008647763303900
IMMU-BC3-0412	0.00000000000000000	0.07364682218219375	0.00000000000000000	0.00000000000000000	0.00000000000000000	0.00000000000000000	0.33276393224367135	0.09663119682605999	0.32312345804105275	0.17383459070702226	0.00000000000000000	0.02112062860304021	1.05601522069476328
IMMU-BC3-0413	0.00000000000000000	0.05884788148942215	0.00000000000000000	0.00000000000000000	0.00000000000000000	0.00000000000000000	0.00000000000000000	0.71610017919556834	0.05329097820569493	0.17176096110931460	0.00000000000000000	-0.01299249816196124	1.19093828338517405
IMMU-BC3-0415	0.00000000000000000	0.02625317263831688	0.00000000000000000	0.00000000000000000	0.00000000000000000	0.00000000000000000	0.00000000000000000	0.24025384493960850	0.07973137065893271	0.65376161176314196	0.00000000000000000	-0.02169577074303933	1.10782871022377671
IMMU-BC3-0421	0.00000000000000000	0.00000000000000000	0.00000000000000000	0.00000000000000000	0.00000000000000000	0.00000000000000000	0.30472238943778751	0.30620215625132347	0.05607110834451818	0.33300434596637074	0.00000000000000000	0.00629513757993781	1.07192840464104044
IMMU-BC3-0423	0.12691833951756312	0.00000000000000000	0.03649646608542920	0.00000000000000000	0.00000000000000000	0.00000000000000000	0.00000000000000000	0.51297111516969884	0.01352871047546288	0.31008536875184600	0.00000000000000000	-0.02998322780305058	1.13064484700847756
IMMU-BC3-0428	0.00000000000000000	0.13950868233404176	0.00000000000000000	0.00000000000000000	0.00000000000000000	0.00000000000000000	0.72178183052845357	0.00000000000000000	0.00000000000000000	0.13870948713750461	0.00000000000000000	0.03092735089270500	1.05030154220567851
IMMU-BC3-0428	0.00000000000000000	0.00000000000000000	0.00000000000000000	0.00000000000000000	0.00000000000000000	0.00000000000000000	0.91532190024535509	0.00000000000000000	0.08467809975464498	0.00000000000000000	0.00000000000000000	0.09290756058512499	1.05512480212213888
IMMU-BC3-0431	0.00000000000000000	0.03985301111192310	0.00000000000000000	0.00000000000000000	0.00000000000000000	0.00000000000000000	0.00000000000000000	0.00000000000000000	0.65654855275522872	0.30359843613284804	0.00000000000000000	0.12865158033519994	1.04284960078024458
IMMU-BC3-0537	0.00000000000000000	0.00000000000000000	0.00000000000000000	0.00000000000000000	0.00000000000000000	0.00000000000000000	0.00000000000000000	0.14387779655777558	0.58397366434965658	0.27214853909256786	0.00000000000000000	0.05397182626599894	1.06770133142438062
IMMU-BC3-0542	0.00000000000000000	0.12702286963275136	0.00000000000000000	0.00000000000000000	0.00000000000000000	0.00000000000000000	0.00000000000000000	0.10863269978596592	0.52806076686696379	0.23628366371431897	0.00000000000000000	-0.01728440353981288	1.08511833424881021
IMMU-BC3-0543	0.00000000000000000	0.00000000000000000	0.00000000000000000	0.00000000000000000	0.00000000000000000	0.00000000000000000	0.13207135887411681	0.43189944014934900	0.06559689383385985	0.37043230714267422	0.00000000000000000	0.00137466309792198	1.09897535098561172
IMMU-BC3-0545	0.00000000000000000	0.22256523421765342	0.00000000000000000	0.00000000000000000	0.00000000000000000	0.00000000000000000	0.08425596128268487	0.07084926570776855	0.12866105234541350	0.49366848644647970	0.00000000000000000	-0.06117416976599543	1.12515014686302672
IMMU-BC3-0547	0.04638436373014090	0.00000000000000000	0.00000000000000000	0.00000000000000000	0.00000000000000000	0.00000000000000000	0.48527318727295277	0.05995459137194991	0.00000000000000000	0.40838785762495639	0.00000000000000000	-0.05010468895497769	1.07112079413965189
IMMU-BC3-0759	0.00000000000000000	0.18183463470222688	0.00000000000000000	0.00000000000000000	0.00000000000000000	0.00000000000000000	0.05683388379840364	0.08756594477128794	0.15865000156039330	0.51511553516768827	0.00000000000000000	-0.03543869411978526	1.10527596896555536
IMMU-BC3-0760	0.00000000000000000	0.00000000000000000	0.00000000000000000	0.00000000000000000	0.00000000000000000	0.00000000000000000	0.00000000000000000	0.33751059913147807	0.45044602821436680	0.21204337265415524	0.00000000000000000	0.06902796654944890	1.06863148936628782
IMMU-BC3-0761	0.00000000000000000	0.00000000000000000	0.00000000000000000	0.00000000000000000	0.00000000000000000	0.00000000000000000	0.78299802500629900	0.21658508779404340	0.00000000000000000	0.00041688719965763	0.00000000000000000	0.09848860052028983	1.05316099399737650
IMMU-BC3-0774	0.03986694544343516	0.10299723494055722	0.00000000000000000	0.00000000000000000	0.00000000000000000	0.00000000000000000	0.52643732288659006	0.08915454030298171	0.00000000000000000	0.24154395642643586	0.00000000000000000	-0.03045262327481777	1.05873309746486211
IMMU-BC3-0787	0.00000000000000000	0.00000000000000000	0.04330533888803382	0.00000000000000000	0.00000000000000000	0.00000000000000000	0.00000000000000000	0.03118302172399041	0.72618627246786882	0.19932536692010702	0.00000000000000000	0.03802042183467819	1.09007299065078755
IMMU-BC3-0788	0.00000000000000000	0.00000000000000000	0.00000000000000000	0.00000000000000000	0.00000000000000000	0.00000000000000000	0.60746574380076823	0.00000000000000000	0.00000000000000000	0.39253425619923177	0.00000000000000000	0.07835453229089104	1.03666276102111121
IMMU-BC3-0791	0.00000000000000000	0.13787225032866360	0.00000000000000000	0.00000000000000000	0.00000000000000000	0.00000000000000000	0.53709253131231605	0.00000000000000000	0.00000000000000000	0.32503521835902038	0.00000000000000000	-0.02170391636382423	1.06747622635147388
IMMU-BC3-0796	0.00000000000000000	0.10262363582230956	0.00000000000000000	0.00000000000000000	0.00000000000000000	0.00000000000000000	0.68338592762623263	0.00000000000000000	0.00000000000000000	0.21399043655145791	0.00000000000000000	0.00821596508348605	1.05310734076695667
IMMU-BC3-0799	0.00000000000000000	0.00390161922073082	0.00000000000000000	0.00000000000000000	0.00000000000000000	0.00000000000000000	0.47387741668941247	0.08018267241799872	0.00000000000000000	0.44203829167185799	0.00000000000000000	-0.00755946403807784	1.06343302277528773
IMMU-BC3-0800	0.00000000000000000	0.19325086544970793	0.00000000000000000	0.00000000000000000	0.00000000000000000	0.00000000000000000	0.08902229963908663	0.18115127027774258	0.18713681695338027	0.34943874768008254	0.00000000000000000	-0.06049720679396970	1.09916974037400705
IMMU-BC3-0807	0.00000000000000000	0.04984675594029450	0.00000000000000000	0.00000000000000000	0.00000000000000000	0.00000000000000000	0.73436481511117624	0.01752491617821888	0.00000000000000000	0.19826351277031043	0.00000000000000000	0.06828563567404572	1.03674468061366065
IMMU-BC3-0811	0.00000000000000000	0.16315594469755101	0.10041228371560791	0.00000000000000000	0.00000000000000000	0.00000000000000000	0.55506090208383474	0.02779560431015679	0.00000000000000000	0.15357526519284953	0.00000000000000000	-0.02515364793474340	1.06895083553612835
IMMU-BC3-0817	0.00000000000000000	0.00000000000000000	0.00000000000000000	0.00000000000000000	0.00000000000000000	0.00000000000000000	0.49423241009781049	0.15846960209442096	0.00000000000000000	0.34729798780776855	0.00000000000000000	-0.02116800347176134	1.06580830238587954
IMMU-BC3-0817	0.00000000000000000	0.04926929618487716	0.00000000000000000	0.00000000000000000	0.00000000000000000	0.00000000000000000	0.65495736527578674	0.04364256864368870	0.00000000000000000	0.25213076989564737	0.00000000000000000	-0.00617718967374429	1.05542015015736568
IMMU-BC3-0818	0.00000000000000000	0.13565914351394476	0.00000000000000000	0.00000000000000000	0.00000000000000000	0.00000000000000000	0.53904205996903887	0.00278792312756666	0.00000000000000000	0.32251087338944961	0.00000000000000000	0.03042688091342621	1.05034548403869543
IMMU-BC3-0818	0.00000000000000000	0.04866584445491361	0.00000000000000000	0.00000000000000000	0.00000000000000000	0.00000000000000000	0.50018801440904448	0.02997937512345377	0.00083582730341802	0.42033093870917015	0.00000000000000000	0.03805243332789886	1.04715649264549282
IMMU-BC3-0819	0.00000000000000000	0.05019641195980749	0.01088474643382623	0.00000000000000000	0.00000000000000000	0.00000000000000000	0.00000000000000000	0.51923938562527006	0.12601561051961951	0.29366384546147661	0.00000000000000000	0.01422208013625403	1.11059705829591793
IMMU-BC3-0819	0.00000000000000000	0.05753626859470739	0.00000000000000000	0.00000000000000000	0.00000000000000000	0.00000000000000000	0.00000000000000000	0.33812440311246744	0.33955477281407703	0.26478455547874813	0.00000000000000000	0.03354458366672309	1.06987125611967748
IMMU-BC3-0820	0.00000000000000000	0.06215544359719729	0.00000000000000000	0.00000000000000000	0.00000000000000000	0.00000000000000000	0.63785013696476944	0.00000000000000000	0.00000000000000000	0.29999441943803318	0.00000000000000000	0.02708012747009297	1.04701692141101188
IMMU-BC3-0821	0.00000000000000000	0.28813992958177143	0.00000000000000000	0.00000000000000000	0.00000000000000000	0.03606731640400750	0.00000000000000000	0.09512753884409859	0.40731654071277401	0.17334867445734831	0.00000000000000000	-0.01211969944898273	1.10528239334926615
IMMU-BC3-0825	0.02810043636341638	0.35359359396009321	0.00000000000000000	0.00000000000000000	0.00000000000000000	0.00000000000000000	0.00000000000000000	0.28884686102345486	0.00000000000000000	0.32945910865303552	0.00000000000000000	-0.08866069057268944	1.18970573102089006
IMMU-BC3-0825	0.00000000000000000	0.00000000000000000	0.00000000000000000	0.09797106186567767	0.00000000000000000	0.00000000000000000	0.90202893813432228	0.00000000000000000	0.00000000000000000	0.00000000000000000	0.00000000000000000	0.11278935264020321	1.03639917110127189
IMMU-BC3-0826	0.00000000000000000	0.00000000000000000	0.00000000000000000	0.00000000000000000	0.00000000000000000	0.00000000000000000	0.00000000000000000	0.71108706866395976	0.06844232821417599	0.22047060312186420	0.00000000000000000	0.01962610043049371	1.17471774505457871
IMMU-BC3-0828	0.00000000000000000	0.00000000000000000	0.00000000000000000	0.00000000000000000	0.00000000000000000	0.00000000000000000	0.00000000000000000	0.39975182892459210	0.19242617020456301	0.40782200087084480	0.00000000000000000	0.00989336788223454	1.09136272528295586
IMMU-BC3-0830	0.00000000000000000	0.00000000000000000	0.01482964685070837	0.00000000000000000	0.00000000000000000	0.00000000000000000	0.00000000000000000	0.00000000000000000	0.44449717325738897	0.54067317989190267	0.00000000000000000	-0.04865930402455016	1.10542915518792340
IMMU-BC3-0833	0.00000000000000000	0.00000000000000000	0.00000000000000000	0.00000000000000000	0.00000000000000000	0.00000000000000000	0.00000000000000000	0.16190451715283447	0.45065275940165334	0.38744272344551217	0.00000000000000000	0.00898194675147711	1.07321850650929540
IMMU-BC3-0835	0.00000000000000000	0.01431116481816250	0.00000000000000000	0.00000000000000000	0.00000000000000000	0.00000000000000000	0.61506821277486257	0.00195913775527396	0.00000000000000000	0.36866148465170101	0.00000000000000000	-0.01883849163718584	1.06391621014223681
IMMU-BC3-0836	0.00293994710624894	0.00000000000000000	0.00000000000000000	0.00000000000000000	0.00000000000000000	0.00000000000000000	0.24023270216911588	0.21800963459885250	0.46570957289345338	0.07310814323232936	0.00000000000000000	0.12841405548024845	1.04523595158151683
IMMU-BC3-0837	0.07754038343158104	0.00000000000000000	0.00000000000000000	0.00000000000000000	0.00000000000000000	0.00000000000000000	0.00000000000000000	0.12997821782900007	0.41782003298088438	0.37466136575853443	0.00000000000000000	0.01217354402467396	1.06249134880580742
IMMU-BC3-0838	0.02820333394928395	0.01859657877495763	0.00000000000000000	0.00000000000000000	0.00000000000000000	0.00000000000000000	0.10352772617301409	0.13988716332199741	0.34927998095615437	0.36050521682459263	0.00000000000000000	0.01234247989910329	1.05870801114442670
IMMU-BC3-0839	0.00000000000000000	0.07197072092030078	0.00000000000000000	0.00000000000000000	0.00000000000000000	0.00000000000000000	0.71033730192047062	0.06004607828607706	0.00000000000000000	0.15764589887315156	0.00000000000000000	0.05765004964479596	1.03922461174006231
IMMU-BC3-0846	0.00000000000000000	0.12192629926224245	0.00000000000000000	0.00000000000000000	0.00000000000000000	0.00000000000000000	0.20543685252232508	0.10835512776830226	0.00000000000000000	0.56428172044713032	0.00000000000000000	-0.01111458656083263	1.08998743754231331
IMMU-BC3-0848	0.00000000000000000	0.09669940673083449	0.00000000000000000	0.00000000000000000	0.00000000000000000	0.00000000000000000	0.10065793411897317	0.02871578301829384	0.71246061282205131	0.06146626330984724	0.00000000000000000	0.08758534360961273	1.07419118926610224
IMMU-BC3-0849	0.00000000000000000	0.20311952551011569	0.00000000000000000	0.00000000000000000	0.00000000000000000	0.00000000000000000	0.49025886601315077	0.19377387577025310	0.00919883148664680	0.10364890121983365	0.00000000000000000	-0.00085194708164477	1.07154212621525224
IMMU-BC3-0850	0.00000000000000000	0.00000000000000000	0.00000000000000000	0.00000000000000000	0.00000000000000000	0.00000000000000000	0.72192739428885289	0.00000000000000000	0.00000000000000000	0.27807260571114717	0.00000000000000000	0.05143026546027671	1.04463227227955713
IMMU-BC3-0851	0.00000000000000000	0.02536640502667368	0.00000000000000000	0.00000000000000000	0.00000000000000000	0.00000000000000000	0.74450948918249660	0.00000000000000000	0.00000000000000000	0.23012410579082959	0.00000000000000000	0.01471728436780870	1.05382247418326958
IMMU-BC3-0858	0.00000000000000000	0.14817763388411054	0.00000000000000000	0.00000000000000000	0.00000000000000000	0.00000000000000000	0.57987005179816931	0.00000000000000000	0.00000000000000000	0.27195231431772027	0.00000000000000000	0.00435483214192434	1.05834390929133537
IMMU-BC3-0873	0.00000000000000000	0.05215404305174129	0.00000000000000000	0.00000000000000000	0.00000000000000000	0.00000000000000000	0.94784595694825879	0.00000000000000000	0.00000000000000000	0.00000000000000000	0.00000000000000000	0.12251700363736254	1.03648340150030949
IMMU-BC3-0893	0.00000000000000000	0.04663803743821546	0.00000000000000000	0.00000000000000000	0.00000000000000000	0.00000000000000000	0.77445674803088060	0.00000000000000000	0.00000000000000000	0.17890521453090411	0.00000000000000000	0.03915478259529529	1.04720116566005461
IMMU-BC3-0903	0.00000000000000000	0.00000000000000000	0.00000000000000000	0.00000000000000000	0.00000000000000000	0.00000000000000000	0.91529195517384709	0.00000000000000000	0.00000000000000000	0.08470804482615292	0.00000000000000000	0.11236030025978692	1.03847702511909845
IMMU-BC3-0904	0.00000000000000000	0.11189458818165432	0.00000000000000000	0.00000000000000000	0.00000000000000000	0.00000000000000000	0.52022585230572826	0.21584456957331205	0.00000000000000000	0.15203498993930534	0.00000000000000000	0.01228293113640496	1.05778275350325668
IMMU-BC3-0912	0.00000000000000000	0.01132647832427625	0.00000000000000000	0.00000000000000000	0.00000000000000000	0.00000000000000000	0.17737683526290624	0.30412373766854123	0.08481400624813806	0.42235894249613815	0.00000000000000000	-0.03980307835179035	1.09098102623603532
IMMU-BC3-0916	0.00000000000000000	0.14419163222974418	0.00000000000000000	0.00000000000000000	0.00000000000000000	0.00000000000000000	0.00000000000000000	0.19381760795678676	0.02279699798624617	0.63919376182722287	0.00000000000000000	-0.04898376310502699	1.13260888877142496
IMMU-BC3-0923	0.00000000000000000	0.07987731950780061	0.00000000000000000	0.00000000000000000	0.00000000000000000	0.00000000000000000	0.44008898762041315	0.00000000000000000	0.00000000000000000	0.48003369287178627	0.00000000000000000	-0.01839318425822094	1.07353423191950048
IMMU-BC3-0929	0.00000000000000000	0.00000000000000000	0.00000000000000000	0.00000000000000000	0.00000000000000000	0.00000000000000000	0.36906177214687247	0.09669775769310988	0.02669147253258628	0.50754899762743133	0.00000000000000000	0.03708795212233549	1.05466095107962432
IMMU-BC3-0935	0.00000000000000000	0.05075469966929413	0.02238317456377863	0.00000000000000000	0.00000000000000000	0.00000000000000000	0.65947280335101299	0.00000000000000000	0.00000000000000000	0.26738932241591434	0.00000000000000000	0.04643486658567515	1.04022174266497291
IMMU-BC3-0937	0.00000000000000000	0.13529404928956748	0.00000000000000000	0.00000000000000000	0.00000000000000000	0.00000000000000000	0.27899615365613539	0.25716584507871793	0.00000000000000000	0.32854395197557917	0.00000000000000000	-0.02794373106043921	1.08040290140102946
IMMU-BC3-0938	0.00000000000000000	0.10395617797550660	0.00000000000000000	0.00000000000000000	0.00000000000000000	0.00000000000000000	0.56704333023147468	0.00000000000000000	0.00000000000000000	0.32900049179301866	0.00000000000000000	0.00315715373665086	1.05613652394974156
IMMU-BC3-0944	0.00000000000000000	0.24072005585424172	0.00000000000000000	0.00000000000000000	0.00000000000000000	0.00000000000000000	0.75927994414575828	0.00000000000000000	0.00000000000000000	0.00000000000000000	0.00000000000000000	0.06457403259725679	1.05837152118744804
IMMU-BC3-1001	0.00000000000000000	0.00967826223983749	0.00000000000000000	0.00000000000000000	0.00000000000000000	0.00000000000000000	0.54297168268905560	0.00000000000000000	0.20520334430614587	0.24214671076496108	0.00000000000000000	0.10301778670205412	1.03052098845759255
IMMU-BC3-1033	0.00000000000000000	0.00000000000000000	0.00000000000000000	0.00000000000000000	0.00000000000000000	0.00000000000000000	0.72374030894003882	0.00736719096908109	0.00000000000000000	0.26889250009088006	0.00000000000000000	0.06862485441934671	1.03947982738592404
IMMU-BC3-1063	0.00000000000000000	0.04971076441230984	0.00000000000000000	0.00000000000000000	0.00000000000000000	0.00000000000000000	0.77205563346966610	0.00000000000000000	0.00000000000000000	0.17823360211802419	0.00000000000000000	0.17938418847437590	1.00544925897927895
